0 6 55 0 0 10 46 0 0 17 8 77 72 40 85 36 87 76 85 89 46 0 89 0 52 76 0 47 98 40 21 80 99 92 87 0 0 0 27 57 75 19 54 33 33 75 84 0 25 57 
6 0 21 0 0 26 18 0 18 32 51 0 78 27 6 11 0 17 91 25 65 62 50 0 10 0 22 67 37 83 0 70 17 0 59 8 7 40 85 91 0 44 96 75 67 41 95 29 99 73 
55 21 0 6 19 0 64 0 43 99 95 82 13 15 26 72 0 1 33 79 18 0 34 90 10 34 0 0 0 87 0 78 0 86 0 36 0 40 11 66 43 74 44 63 18 13 0 32 72 28 
0 0 6 0 23 47 57 51 32 0 97 61 43 31 95 10 65 75 82 61 92 0 95 14 93 11 15 36 10 0 61 37 4 82 33 93 58 39 10 59 90 24 21 55 66 35 85 55 12 49 
0 0 19 23 0 85 0 1 0 34 24 46 49 0 81 0 42 36 10 48 33 94 94 69 62 40 26 56 38 55 0 0 65 36 0 47 66 55 29 25 61 87 61 0 0 0 0 98 77 55 
10 26 0 47 85 0 86 77 0 67 74 11 57 43 19 45 0 71 0 48 0 0 0 58 85 14 89 69 0 65 26 20 81 74 15 88 38 65 3 94 0 11 67 20 0 37 0 32 81 77 
46 18 64 57 0 86 0 51 44 26 79 20 88 38 94 34 12 40 55 9 15 15 64 72 1 72 96 86 62 17 91 52 98 34 16 0 43 98 55 29 21 73 30 9 3 0 28 0 26 64 
0 0 0 51 1 77 51 0 50 34 58 74 97 56 82 83 85 84 0 0 53 0 16 43 88 71 85 35 85 94 3 13 34 24 4 57 84 1 32 48 0 0 29 31 61 40 8 62 93 87 
0 18 43 32 0 0 44 50 0 12 35 30 67 5 65 0 0 0 10 34 85 0 20 77 0 3 74 63 82 46 60 12 0 67 32 40 0 71 18 0 95 37 44 93 48 32 0 66 90 41 
17 32 99 0 34 67 26 34 12 0 33 46 0 73 75 41 72 0 70 27 6 56 11 0 0 44 53 31 0 98 74 0 0 61 98 19 71 0 92 68 0 0 0 56 23 96 43 50 26 78 
8 51 95 97 24 74 79 58 35 33 0 83 30 81 83 85 92 33 18 44 0 89 73 80 26 24 13 92 37 46 0 0 23 77 0 32 89 90 62 10 93 43 0 92 47 48 0 82 77 68 
77 0 82 61 46 11 20 74 30 46 83 0 0 28 0 43 82 24 4 8 31 82 0 27 55 0 0 20 21 0 68 47 12 0 50 35 0 0 75 12 12 24 73 96 19 38 36 22 20 90 
72 78 13 43 49 57 88 97 67 0 30 0 0 14 58 10 16 0 65 0 0 36 92 58 18 88 62 67 67 12 0 59 0 92 98 73 38 15 58 2 19 22 90 28 75 70 69 9 21 10 
40 27 15 31 0 43 38 56 5 73 81 28 14 0 92 81 8 22 70 0 0 61 83 73 0 16 55 47 0 28 19 9 85 0 54 24 67 0 16 45 66 0 77 0 17 39 72 28 1 37 
85 6 26 95 81 19 94 82 65 75 83 0 58 92 0 36 65 0 54 90 50 88 45 25 1 51 16 84 92 19 83 0 31 49 54 80 60 7 24 44 91 75 17 0 89 39 32 3 82 0 
36 11 72 10 0 45 34 83 0 41 85 43 10 81 36 0 26 0 42 80 51 24 35 69 85 60 63 74 62 0 26 93 58 78 80 36 18 45 96 0 31 69 0 6 57 92 17 47 0 82 
87 0 0 65 42 0 12 85 0 72 92 82 16 8 65 26 0 0 8 0 64 20 13 19 51 97 17 45 0 48 0 17 67 3 32 81 92 57 46 91 17 87 87 7 49 61 51 0 13 75 
76 17 1 75 36 71 40 84 0 0 33 24 0 22 0 0 0 0 49 28 37 75 0 94 4 81 91 94 51 65 27 21 42 59 0 25 33 44 35 80 54 29 19 0 80 33 17 0 26 95 
85 91 33 82 10 0 55 0 10 70 18 4 65 70 54 42 8 49 0 0 0 69 0 2 75 39 40 70 21 76 44 46 37 68 25 0 97 34 80 0 17 35 56 0 74 6 36 53 42 81 
89 25 79 61 48 48 9 0 34 27 44 8 0 0 90 80 0 28 0 0 45 83 6 11 56 0 0 91 86 0 87 47 27 49 17 19 0 83 53 1 77 25 24 68 0 78 0 21 94 40 
46 65 18 92 33 0 15 53 85 6 0 31 0 0 50 51 64 37 0 45 0 21 96 15 0 56 79 37 80 61 25 0 53 43 0 12 94 30 13 43 66 23 17 78 77 45 69 93 70 0 
0 62 0 0 94 0 15 0 0 56 89 82 36 61 88 24 20 75 69 83 21 0 0 60 1 38 47 19 80 14 59 78 55 55 66 81 48 97 34 20 35 88 0 9 34 9 78 67 94 60 
89 50 34 95 94 0 64 16 20 11 73 0 92 83 45 35 13 0 0 6 96 0 0 86 0 77 69 22 44 68 0 0 96 61 59 90 0 40 48 86 35 6 70 11 45 69 68 2 54 0 
0 0 90 14 69 58 72 43 77 0 80 27 58 73 25 69 19 94 2 11 15 60 86 0 19 42 7 4 12 18 19 37 0 45 35 46 0 4 62 69 57 1 59 5 68 0 22 0 59 67 
52 10 10 93 62 85 1 88 0 0 26 55 18 0 1 85 51 4 75 56 0 1 0 19 0 41 49 33 48 59 76 15 79 63 92 13 53 32 30 57 65 64 0 56 77 40 21 19 97 79 
76 0 34 11 40 14 72 71 3 44 24 0 88 16 51 60 97 81 39 0 56 38 77 42 41 0 0 58 0 74 95 24 2 0 0 9 22 0 0 7 30 0 0 0 68 0 58 87 39 43 
0 22 0 15 26 89 96 85 74 53 13 0 62 55 16 63 17 91 40 0 79 47 69 7 49 0 0 56 0 2 39 61 12 4 0 0 44 6 0 0 0 48 0 0 1 16 10 4 69 14 
47 67 0 36 56 69 86 35 63 31 92 20 67 47 84 74 45 94 70 91 37 19 22 4 33 58 56 0 26 25 24 61 66 58 13 65 37 24 99 67 0 89 87 81 8 0 54 17 26 1 
98 37 0 10 38 0 62 85 82 0 37 21 67 0 92 62 0 51 21 86 80 80 44 12 48 0 0 26 0 60 32 54 69 43 0 0 0 3 39 88 0 41 31 92 69 38 93 72 32 30 
40 83 87 0 55 65 17 94 46 98 46 0 12 28 19 0 48 65 76 0 61 14 68 18 59 74 2 25 60 0 40 20 28 26 48 32 76 11 17 9 55 57 66 30 30 97 26 3 60 25 
21 0 0 61 0 26 91 3 60 74 0 68 0 19 83 26 0 27 44 87 25 59 0 19 76 95 39 24 32 40 0 53 90 72 12 1 0 91 53 17 85 49 12 57 27 38 0 0 13 23 
80 70 78 37 0 20 52 13 12 0 0 47 59 9 0 93 17 21 46 47 0 78 0 37 15 24 61 61 54 20 53 0 64 60 0 51 19 77 51 74 53 19 67 34 0 40 8 33 79 0 
99 17 0 4 65 81 98 34 0 0 23 12 0 85 31 58 67 42 37 27 53 55 96 0 79 2 12 66 69 28 90 64 0 37 32 12 0 7 21 0 0 7 27 51 47 43 23 35 26 1 
92 0 86 82 36 74 34 24 67 61 77 0 92 0 49 78 3 59 68 49 43 55 61 45 63 0 4 58 43 26 72 60 37 0 57 65 75 45 57 31 0 0 34 86 40 64 55 82 97 43 
87 59 0 33 0 15 16 4 32 98 0 50 98 54 54 80 32 0 25 17 0 66 59 35 92 0 0 13 0 48 12 0 32 57 0 27 68 0 52 0 62 52 65 56 55 34 64 79 3 23 
0 8 36 93 47 88 0 57 40 19 32 35 73 24 80 36 81 25 0 19 12 81 90 46 13 9 0 65 0 32 1 51 12 65 27 0 83 0 62 66 62 70 73 0 21 82 36 32 87 0 
0 7 0 58 66 38 43 84 0 71 89 0 38 67 60 18 92 33 97 0 94 48 0 0 53 22 44 37 0 76 0 19 0 75 68 83 0 96 99 56 86 11 46 8 45 99 64 41 3 65 
0 40 40 39 55 65 98 1 71 0 90 0 15 0 7 45 57 44 34 83 30 97 40 4 32 0 6 24 3 11 91 77 7 45 0 0 96 0 42 28 40 0 57 25 0 40 32 0 76 52 
27 85 11 10 29 3 55 32 18 92 62 75 58 16 24 96 46 35 80 53 13 34 48 62 30 0 0 99 39 17 53 51 21 57 52 62 99 42 0 10 47 66 71 71 43 54 9 21 90 0 
57 91 66 59 25 94 29 48 0 68 10 12 2 45 44 0 91 80 0 1 43 20 86 69 57 7 0 67 88 9 17 74 0 31 0 66 56 28 10 0 35 82 39 36 75 62 0 0 0 69 
75 0 43 90 61 0 21 0 95 0 93 12 19 66 91 31 17 54 17 77 66 35 35 57 65 30 0 0 0 55 85 53 0 0 62 62 86 40 47 35 0 0 38 76 10 92 54 30 7 60 
19 44 74 24 87 11 73 0 37 0 43 24 22 0 75 69 87 29 35 25 23 88 6 1 64 0 48 89 41 57 49 19 7 0 52 70 11 0 66 82 0 0 39 0 0 6 68 59 49 91 
54 96 44 21 61 67 30 29 44 0 0 73 90 77 17 0 87 19 56 24 17 0 70 59 0 0 0 87 31 66 12 67 27 34 65 73 46 57 71 39 38 39 0 15 6 0 87 41 91 17 
33 75 63 55 0 20 9 31 93 56 92 96 28 0 0 6 7 0 0 68 78 9 11 5 56 0 0 81 92 30 57 34 51 86 56 0 8 25 71 36 76 0 15 0 72 7 71 57 0 0 
33 67 18 66 0 0 3 61 48 23 47 19 75 17 89 57 49 80 74 0 77 34 45 68 77 68 1 8 69 30 27 0 47 40 55 21 45 0 43 75 10 0 6 72 0 69 0 63 99 94 
75 41 13 35 0 37 0 40 32 96 48 38 70 39 39 92 61 33 6 78 45 9 69 0 40 0 16 0 38 97 38 40 43 64 34 82 99 40 54 62 92 6 0 7 69 0 59 41 51 0 
84 95 0 85 0 0 28 8 0 43 0 36 69 72 32 17 51 17 36 0 69 78 68 22 21 58 10 54 93 26 0 8 23 55 64 36 64 32 9 0 54 68 87 71 0 59 0 16 6 81 
0 29 32 55 98 32 0 62 66 50 82 22 9 28 3 47 0 0 53 21 93 67 2 0 19 87 4 17 72 3 0 33 35 82 79 32 41 0 21 0 30 59 41 57 63 41 16 0 0 76 
25 99 72 12 77 81 26 93 90 26 77 20 21 1 82 0 13 26 42 94 70 94 54 59 97 39 69 26 32 60 13 79 26 97 3 87 3 76 90 0 7 49 91 0 99 51 6 0 0 65 
57 73 28 49 55 77 64 87 41 78 68 90 10 37 0 82 75 95 81 40 0 60 0 67 79 43 14 1 30 25 23 0 1 43 23 0 65 52 0 69 60 91 17 0 94 0 81 76 65 0 
