0 58 20 4 24 48 62 10 0 40 60 0 93 10 0 0 0 26 20 54 85 36 38 63 29 28 40 0 29 79 50 0 90 0 57 29 0 21 83 49 14 37 0 65 36 50 97 46 0 54 6 42 17 98 19 0 86 46 7 49 
58 0 91 0 15 18 21 0 18 40 59 0 0 0 53 22 59 24 21 90 42 48 61 76 99 64 74 0 91 47 22 13 37 65 38 0 53 85 0 35 84 52 75 81 0 62 12 0 84 81 95 24 37 87 84 18 87 0 90 45 
20 91 0 67 71 0 24 95 16 96 0 0 49 66 36 95 54 17 17 51 6 83 54 78 0 0 20 55 6 17 93 68 38 80 76 84 82 34 46 71 18 73 62 44 69 31 12 4 9 84 60 18 32 29 19 76 0 40 54 4 
4 0 67 0 35 0 83 62 0 17 42 0 22 9 33 93 81 54 26 46 47 77 0 0 0 19 38 76 90 86 52 29 96 50 23 95 0 31 43 99 88 72 6 0 93 38 12 45 91 63 77 45 54 76 72 0 45 0 26 87 
24 15 71 35 0 81 80 58 85 63 81 0 24 67 0 56 63 98 59 0 0 55 51 0 45 0 0 0 42 4 81 87 36 54 3 61 86 29 86 76 54 9 8 12 0 51 55 3 61 65 63 16 81 98 27 46 0 92 44 37 
48 18 0 0 81 0 16 0 32 58 0 29 0 87 50 49 99 73 59 86 35 58 51 0 68 92 96 82 87 37 59 72 58 87 92 39 0 69 0 92 62 41 85 46 9 49 8 86 0 0 77 21 0 52 96 53 18 9 81 0 
62 21 24 83 80 16 0 3 0 86 55 53 83 0 0 4 72 6 71 85 0 70 88 48 62 57 2 0 15 59 45 56 27 11 43 65 42 91 0 46 5 60 9 36 61 12 0 49 43 47 17 63 52 41 25 0 78 67 66 0 
10 0 95 62 58 0 3 0 0 16 47 0 93 58 83 0 72 78 52 90 39 52 12 40 23 20 84 51 46 85 53 85 66 0 60 63 55 59 32 0 46 18 62 0 86 17 73 96 91 57 63 0 0 12 97 35 26 23 37 0 
0 18 16 0 85 32 0 0 0 79 57 0 51 2 47 5 42 62 83 57 53 67 52 66 49 85 93 97 91 84 4 13 0 0 96 0 0 69 55 89 95 0 33 94 17 54 17 0 4 20 17 85 62 62 97 34 30 15 25 47 
40 40 96 17 63 58 86 16 79 0 60 57 18 0 22 19 10 47 0 13 2 0 43 47 18 63 0 53 32 68 39 69 71 95 30 41 31 26 19 49 0 52 0 0 61 45 61 94 6 70 34 72 57 63 59 47 91 27 14 31 
60 59 0 42 81 0 55 47 57 60 0 6 39 85 27 27 0 27 45 3 39 35 97 65 97 85 80 33 39 27 70 7 52 49 0 29 28 72 61 33 59 28 0 59 34 56 6 44 90 0 41 63 16 13 0 57 90 89 0 85 
0 0 0 0 0 29 53 0 0 57 6 0 21 76 22 39 49 2 72 0 48 20 12 80 72 86 59 9 0 39 48 50 56 78 11 47 0 29 32 0 74 26 0 34 3 0 23 0 93 0 0 12 0 75 0 29 88 9 66 58 
93 0 49 22 24 0 83 93 51 18 39 21 0 0 55 2 88 1 52 59 87 34 35 0 15 55 71 41 38 0 22 76 9 12 62 12 49 6 87 57 2 0 36 66 66 68 81 41 75 78 93 0 83 95 9 80 93 61 34 86 
10 0 66 9 67 87 0 58 2 0 85 76 0 0 67 44 26 48 43 23 0 74 36 43 0 23 63 14 4 0 0 11 78 32 0 49 0 4 31 89 46 13 89 0 74 86 38 64 30 15 41 0 30 17 2 13 8 77 0 0 
0 53 36 33 0 50 0 83 47 22 27 22 55 67 0 14 74 11 84 0 48 0 66 36 82 0 67 26 50 53 90 40 59 39 0 0 58 68 0 0 14 2 9 0 8 49 0 47 79 0 0 0 2 74 1 0 0 81 59 61 
0 22 95 93 56 49 4 0 5 19 27 39 2 44 14 0 57 46 34 41 0 45 0 0 40 93 57 80 86 38 74 36 34 78 6 0 50 90 95 5 56 0 37 31 76 27 0 19 76 0 86 11 1 52 89 0 35 5 90 50 
0 59 54 81 63 99 72 72 42 10 0 49 88 26 74 57 0 50 26 0 74 87 70 87 0 90 96 66 93 22 94 18 0 0 38 0 39 60 0 23 0 7 99 0 95 83 80 49 11 49 42 0 94 6 17 79 62 83 46 0 
26 24 17 54 98 73 6 78 62 47 27 2 1 48 11 46 50 0 30 73 81 57 0 97 3 1 90 88 41 25 72 35 77 0 33 96 75 78 68 38 13 74 19 0 0 47 33 15 9 33 10 54 57 18 11 31 0 63 0 0 
20 21 17 26 59 59 71 52 83 0 45 72 52 43 84 34 26 30 0 35 43 10 64 73 1 0 3 30 38 0 88 42 77 80 0 95 80 43 49 66 0 82 69 92 55 71 0 24 73 34 0 22 5 58 62 93 0 0 75 16 
54 90 51 46 0 86 85 90 57 13 3 0 59 23 0 41 0 73 35 0 47 98 87 71 5 0 26 39 22 0 90 85 63 53 8 0 9 26 0 73 82 0 59 9 78 53 32 0 0 0 55 77 76 58 75 0 98 96 40 32 
85 42 6 47 0 35 0 39 53 2 39 48 87 0 48 0 74 81 43 47 0 0 0 60 48 0 55 59 88 89 33 0 69 59 0 0 58 0 99 25 1 37 40 92 8 78 75 10 33 10 0 32 49 86 46 86 96 88 88 57 
36 48 83 77 55 58 70 52 67 0 35 20 34 74 0 45 87 57 10 98 0 0 13 57 0 0 22 68 34 0 60 53 30 81 84 31 87 79 74 29 92 35 0 92 0 37 79 32 71 88 8 88 26 56 95 91 92 95 81 75 
38 61 54 0 51 51 88 12 52 43 97 12 35 36 66 0 70 0 64 87 0 13 0 79 0 81 26 93 2 37 55 93 89 52 21 49 69 0 0 40 95 4 7 3 44 95 80 34 67 83 44 1 93 74 65 35 5 97 18 28 
63 76 78 0 0 0 48 40 66 47 65 80 0 43 36 0 87 97 73 71 60 57 79 0 72 0 57 51 26 60 85 0 9 55 64 0 56 24 72 92 74 26 97 65 64 32 1 71 78 0 82 64 0 70 0 78 70 0 0 50 
29 99 0 0 45 68 62 23 49 18 97 72 15 0 82 40 0 3 1 5 48 0 0 72 0 0 0 67 80 8 98 43 0 55 29 82 7 88 5 97 64 0 85 0 91 5 79 76 39 0 80 52 28 52 56 51 0 0 68 45 
28 64 0 19 0 92 57 20 85 63 85 86 55 23 0 93 90 1 0 0 0 0 81 0 0 0 90 21 0 62 0 98 32 94 41 98 12 29 28 95 36 43 67 62 22 33 8 14 40 98 44 73 54 0 26 10 41 0 0 15 
40 74 20 38 0 96 2 84 93 0 80 59 71 63 67 57 96 90 3 26 55 22 26 57 0 90 0 98 5 71 98 98 0 12 0 11 56 11 65 40 92 15 74 60 13 51 57 90 0 56 24 40 97 88 0 42 10 94 65 46 
0 0 55 76 0 82 0 51 97 53 33 9 41 14 26 80 66 88 30 39 59 68 93 51 67 21 98 0 70 74 29 5 20 22 21 34 47 26 0 4 39 43 0 24 79 29 36 88 56 49 48 31 0 12 26 41 56 94 0 72 
29 91 6 90 42 87 15 46 91 32 39 0 38 4 50 86 93 41 38 22 88 34 2 26 80 0 5 70 0 87 20 41 53 0 0 48 42 43 60 38 0 6 7 0 65 84 90 0 0 27 9 26 43 34 41 77 72 50 37 66 
79 47 17 86 4 37 59 85 84 68 27 39 0 0 53 38 22 25 0 0 89 0 37 60 8 62 71 74 87 0 54 0 0 53 98 0 57 85 54 70 99 0 0 57 2 71 55 26 0 15 80 21 0 59 83 61 80 14 46 90 
50 22 93 52 81 59 45 53 4 39 70 48 22 0 90 74 94 72 88 90 33 60 55 85 98 0 98 29 20 54 0 3 24 0 83 70 0 48 0 30 90 56 26 67 0 41 77 6 0 33 25 87 46 25 0 66 51 0 33 58 
0 13 68 29 87 72 56 85 13 69 7 50 76 11 40 36 18 35 42 85 0 53 93 0 43 98 98 5 41 0 3 0 21 22 52 9 74 0 27 0 78 0 4 50 5 69 85 34 98 0 0 84 17 93 10 47 82 3 33 34 
90 37 38 96 36 58 27 66 0 71 52 56 9 78 59 34 0 77 77 63 69 30 89 9 0 32 0 20 53 0 24 21 0 64 22 80 31 18 43 60 9 69 81 75 96 13 0 98 0 76 86 4 0 85 0 35 38 0 98 0 
0 65 80 50 54 87 11 0 0 95 49 78 12 32 39 78 0 0 80 53 59 81 52 55 55 94 12 22 0 53 0 22 64 0 1 39 90 7 47 43 87 18 87 23 25 85 24 64 6 42 0 19 78 0 0 35 69 8 20 4 
57 38 76 23 3 92 43 60 96 30 0 11 62 0 0 6 38 33 0 8 0 84 21 64 29 41 0 21 0 98 83 52 22 1 0 0 82 80 0 55 96 7 74 13 56 24 69 61 0 0 62 0 16 0 48 22 20 84 11 20 
29 0 84 95 61 39 65 63 0 41 29 47 12 49 0 0 0 96 95 0 0 31 49 0 82 98 11 34 48 0 70 9 80 39 0 0 88 0 28 98 0 73 3 0 54 35 91 74 23 98 1 76 0 69 15 32 36 0 78 34 
0 53 82 0 86 0 42 55 0 31 28 0 49 0 58 50 39 75 80 9 58 87 69 56 7 12 56 47 42 57 0 74 31 90 82 88 0 40 27 0 60 98 85 67 68 29 47 93 88 16 24 42 71 81 0 0 89 3 83 83 
21 85 34 31 29 69 91 59 69 26 72 29 6 4 68 90 60 78 43 26 0 79 0 24 88 29 11 26 43 85 48 0 18 7 80 0 40 0 42 73 52 0 67 90 88 41 0 53 26 97 83 72 29 0 67 53 79 23 42 0 
83 0 46 43 86 0 0 32 55 19 61 32 87 31 0 95 0 68 49 0 99 74 0 72 5 28 65 0 60 54 0 27 43 47 0 28 27 42 0 97 96 26 35 0 0 41 44 2 0 4 87 14 9 95 72 27 27 55 0 65 
49 35 71 99 76 92 46 0 89 49 33 0 57 89 0 5 23 38 66 73 25 29 40 92 97 95 40 4 38 70 30 0 60 43 55 98 0 73 97 0 53 90 5 86 38 46 46 29 59 63 29 24 57 7 0 0 0 69 55 36 
14 84 18 88 54 62 5 46 95 0 59 74 2 46 14 56 0 13 0 82 1 92 95 74 64 36 92 39 0 99 90 78 9 87 96 0 60 52 96 53 0 0 58 9 99 2 76 0 33 95 8 94 1 85 96 0 12 26 89 8 
37 52 73 72 9 41 60 18 0 52 28 26 0 13 2 0 7 74 82 0 37 35 4 26 0 43 15 43 6 0 56 0 69 18 7 73 98 0 26 90 0 0 52 24 92 90 71 38 44 50 4 56 12 70 34 49 96 53 41 5 
0 75 62 6 8 85 9 62 33 0 0 0 36 89 9 37 99 19 69 59 40 0 7 97 85 67 74 0 7 0 26 4 81 87 74 3 85 67 35 5 58 52 0 26 2 33 53 37 69 85 85 77 94 85 50 1 0 0 61 1 
65 81 44 0 12 46 36 0 94 0 59 34 66 0 0 31 0 0 92 9 92 92 3 65 0 62 60 24 0 57 67 50 75 23 13 0 67 90 0 86 9 24 26 0 89 38 36 0 22 32 0 53 66 0 50 93 50 37 0 4 
36 0 69 93 0 9 61 86 17 61 34 3 66 74 8 76 95 0 55 78 8 0 44 64 91 22 13 79 65 2 0 5 96 25 56 54 68 88 0 38 99 92 2 89 0 40 28 27 41 68 0 42 35 3 89 0 69 58 14 27 
50 62 31 38 51 49 12 17 54 45 56 0 68 86 49 27 83 47 71 53 78 37 95 32 5 33 51 29 84 71 41 69 13 85 24 35 29 41 41 46 2 90 33 38 40 0 39 0 85 77 83 60 68 3 34 90 6 0 21 51 
97 12 12 12 55 8 0 73 17 61 6 23 81 38 0 0 80 33 0 32 75 79 80 1 79 8 57 36 90 55 77 85 0 24 69 91 47 0 44 46 76 71 53 36 28 39 0 94 80 2 91 31 44 0 0 49 13 63 96 49 
46 0 4 45 3 86 49 96 0 94 44 0 41 64 47 19 49 15 24 0 10 32 34 71 76 14 90 88 0 26 6 34 98 64 61 74 93 53 2 29 0 38 37 0 27 0 94 0 4 17 63 0 63 11 0 70 93 99 64 77 
0 84 9 91 61 0 43 91 4 6 90 93 75 30 79 76 11 9 73 0 33 71 67 78 39 40 0 56 0 0 0 98 0 6 0 23 88 26 0 59 33 44 69 22 41 85 80 4 0 46 2 80 20 35 11 0 97 98 85 26 
54 81 84 63 65 0 47 57 20 70 0 0 78 15 0 0 49 33 34 0 10 88 83 0 0 98 56 49 27 15 33 0 76 42 0 98 16 97 4 63 95 50 85 32 68 77 2 17 46 0 52 70 50 76 80 0 9 0 53 96 
6 95 60 77 63 77 17 63 17 34 41 0 93 41 0 86 42 10 0 55 0 8 44 82 80 44 24 48 9 80 25 0 86 0 62 1 24 83 87 29 8 4 85 0 0 83 91 63 2 52 0 0 0 0 55 23 0 79 13 27 
42 24 18 45 16 21 63 0 85 72 63 12 0 0 0 11 0 54 22 77 32 88 1 64 52 73 40 31 26 21 87 84 4 19 0 76 42 72 14 24 94 56 77 53 42 60 31 0 80 70 0 0 0 26 0 20 61 42 0 15 
17 37 32 54 81 0 52 0 62 57 16 0 83 30 2 1 94 57 5 76 49 26 93 0 28 54 97 0 43 0 46 17 0 78 16 0 71 29 9 57 1 12 94 66 35 68 44 63 20 50 0 0 0 86 99 50 11 0 0 60 
98 87 29 76 98 52 41 12 62 63 13 75 95 17 74 52 6 18 58 58 86 56 74 70 52 0 88 12 34 59 25 93 85 0 0 69 81 0 95 7 85 70 85 0 3 3 0 11 35 76 0 26 86 0 62 13 12 84 25 97 
19 84 19 72 27 96 25 97 97 59 0 0 9 2 1 89 17 11 62 75 46 95 65 0 56 26 0 26 41 83 0 10 0 0 48 15 0 67 72 0 96 34 50 50 89 34 0 0 11 80 55 0 99 62 0 26 0 20 68 36 
0 18 76 0 46 53 0 35 34 47 57 29 80 13 0 0 79 31 93 0 86 91 35 78 51 10 42 41 77 61 66 47 35 35 22 32 0 53 27 0 0 49 1 93 0 90 49 70 0 0 23 20 50 13 26 0 82 63 14 75 
86 87 0 45 0 18 78 26 30 91 90 88 93 8 0 35 62 0 0 98 96 92 5 70 0 41 10 56 72 80 51 82 38 69 20 36 89 79 27 0 12 96 0 50 69 6 13 93 97 9 0 61 11 12 0 82 0 95 43 69 
46 0 40 0 92 9 67 23 15 27 89 9 61 77 81 5 83 63 0 96 88 95 97 0 0 0 94 94 50 14 0 3 0 8 84 0 3 23 55 69 26 53 0 37 58 0 63 99 98 0 79 42 0 84 20 63 95 0 27 78 
7 90 54 26 44 81 66 37 25 14 0 66 34 0 59 90 46 0 75 40 88 81 18 0 68 0 65 0 37 46 33 33 98 20 11 78 83 42 0 55 89 41 61 0 14 21 96 64 85 53 13 0 0 25 68 14 43 27 0 0 
49 45 4 87 37 0 0 0 47 31 85 58 86 0 61 50 0 0 16 32 57 75 28 50 45 15 46 72 66 90 58 34 0 4 20 34 83 0 65 36 8 5 1 4 27 51 49 77 26 96 27 15 60 97 36 75 69 78 0 0 
