0 43 82 0 69 36 60 34 29 30 57 56 35 62 32 94 9 0 14 92 27 24 61 58 32 23 78 54 0 46 72 16 0 76 73 23 0 25 86 33 0 0 21 52 60 39 33 59 74 0 55 85 78 50 52 32 0 0 29 55 0 19 5 83 25 42 13 94 0 98 74 44 82 0 6 38 88 54 80 55 
43 0 86 16 74 90 0 59 17 8 16 93 60 69 22 0 94 22 27 62 25 52 12 67 30 58 27 38 69 65 33 62 46 4 81 0 0 0 41 23 39 71 97 0 0 9 69 83 56 89 5 40 52 0 12 1 79 77 0 22 77 62 10 40 4 32 12 71 32 89 28 49 20 3 16 33 0 29 44 43 
82 86 0 44 96 12 36 97 20 9 0 18 94 73 0 72 52 93 93 99 45 14 15 46 0 4 69 0 6 84 53 48 0 92 57 0 27 99 60 0 0 92 50 6 17 82 21 34 37 81 91 0 94 23 0 8 57 29 0 54 47 0 84 3 50 63 55 18 81 22 63 0 85 0 8 0 91 0 56 41 
0 16 44 0 0 0 28 41 13 0 0 17 0 0 0 1 60 47 61 12 40 0 73 45 32 39 71 74 79 40 39 17 53 49 82 46 54 35 73 46 3 29 52 24 46 58 76 79 46 37 11 96 89 92 0 22 70 0 86 64 7 26 6 61 12 0 41 82 28 0 42 0 86 0 3 79 39 10 25 0 
69 74 96 0 0 5 28 4 0 47 2 0 83 68 0 92 72 21 54 80 18 53 9 9 39 24 59 65 0 49 0 0 17 0 26 97 0 90 9 62 0 0 3 0 29 68 39 59 84 0 0 3 65 0 29 13 19 58 0 13 31 95 40 75 0 0 71 62 44 49 37 0 13 89 51 82 14 55 14 16 
36 90 12 0 5 0 95 15 57 47 31 0 95 10 51 16 52 0 99 64 12 63 43 28 8 45 40 1 35 46 67 94 75 8 99 33 0 0 0 82 93 86 21 41 94 0 90 69 0 66 21 93 0 98 20 22 64 21 77 46 0 6 7 72 30 86 0 10 37 0 0 8 50 0 27 41 18 18 63 50 
60 0 36 28 28 95 0 17 93 77 0 31 0 78 0 52 64 16 0 12 26 39 30 41 13 51 0 45 68 21 74 30 82 14 59 76 27 99 23 61 36 6 13 32 53 8 83 29 6 81 21 60 46 98 94 30 0 80 74 0 0 94 89 26 88 2 41 0 1 54 57 1 20 49 11 14 8 20 0 10 
34 59 97 41 4 15 17 0 0 79 0 0 41 37 0 27 25 97 63 49 0 89 0 44 87 0 0 84 79 85 60 4 23 41 37 30 14 88 22 0 18 0 71 37 1 0 88 44 25 56 29 10 82 17 67 38 0 39 15 28 14 17 77 0 75 81 74 82 0 0 92 53 11 57 10 5 53 65 53 52 
29 17 20 13 0 57 93 0 0 21 60 23 0 85 0 40 32 0 71 0 32 10 40 0 80 3 14 97 0 0 77 86 28 42 1 27 39 12 41 9 53 91 37 74 0 83 9 0 72 71 29 94 60 74 52 38 59 49 75 52 76 53 56 0 42 44 90 18 87 49 17 14 9 50 99 80 43 60 40 0 
30 8 9 0 47 47 77 79 21 0 0 91 0 73 54 25 22 38 17 0 0 81 23 0 0 91 56 0 79 8 83 50 8 24 73 91 92 29 51 42 0 22 0 19 29 63 27 97 76 0 72 29 2 74 86 24 9 26 26 83 56 43 57 70 70 12 63 38 56 0 6 0 0 89 0 94 51 54 14 98 
57 16 0 0 2 31 0 0 60 0 0 72 39 53 54 64 2 11 28 37 63 6 96 82 0 0 0 56 11 6 19 0 53 6 78 23 79 26 0 55 20 97 69 64 30 83 0 0 8 0 90 0 57 11 93 84 96 73 1 0 32 98 3 75 66 0 85 56 65 63 0 11 67 0 3 94 60 90 59 28 
56 93 18 17 0 0 31 0 23 91 72 0 0 88 55 45 66 0 85 0 93 42 20 58 45 57 92 44 42 65 65 27 58 84 5 92 32 0 6 0 17 75 83 77 85 65 86 33 90 0 91 88 58 85 16 89 50 12 14 86 64 33 93 86 88 8 98 30 9 96 42 0 0 33 0 8 20 33 0 49 
35 60 94 0 83 95 0 41 0 0 39 0 0 36 77 0 27 72 0 1 70 36 58 0 0 37 0 51 5 0 0 27 88 0 72 0 45 97 0 46 31 6 8 42 90 3 44 41 43 28 34 90 35 25 4 5 29 0 0 0 62 90 34 21 35 6 60 61 61 50 86 0 63 30 33 5 0 68 92 99 
62 69 73 0 68 10 78 37 85 73 53 88 36 0 71 93 40 62 93 0 90 55 69 0 0 47 71 45 21 55 18 0 87 27 0 99 68 0 30 0 31 63 73 97 91 43 74 0 68 60 75 47 40 90 51 70 10 50 0 26 36 47 72 49 0 67 32 0 43 22 48 0 20 37 47 22 60 2 60 62 
32 22 0 0 0 51 0 0 0 54 54 55 77 71 0 26 45 11 14 21 79 14 86 79 0 7 53 0 55 0 27 90 3 85 21 72 0 0 15 82 9 25 75 22 66 58 18 47 62 0 31 56 88 0 40 12 57 4 17 22 29 93 67 76 20 0 25 22 30 0 36 91 55 73 71 83 5 78 86 0 
94 0 72 1 92 16 52 27 40 25 64 45 0 93 26 0 0 27 65 84 45 81 95 96 66 43 11 85 48 67 47 2 54 0 0 84 27 74 57 14 0 70 46 0 43 72 18 0 92 81 68 0 10 93 29 43 30 66 0 38 30 0 43 80 94 35 95 47 0 38 90 30 60 36 18 0 1 20 11 0 
9 94 52 60 72 52 64 25 32 22 2 66 27 40 45 0 0 85 98 43 26 78 33 17 62 94 0 0 41 22 37 31 64 58 0 57 22 40 0 0 96 87 97 70 10 32 0 78 25 68 0 51 92 72 13 45 61 61 20 91 12 0 60 22 71 10 0 67 62 80 16 81 89 0 8 42 8 0 1 81 
0 22 93 47 21 0 16 97 0 38 11 0 72 62 11 27 85 0 84 0 17 30 99 24 70 69 24 85 25 54 29 78 2 87 56 25 0 65 8 7 33 15 98 0 60 0 47 91 54 0 23 25 0 66 47 19 25 94 34 27 30 0 90 58 0 62 56 45 7 15 11 48 0 0 10 13 0 4 87 78 
14 27 93 61 54 99 0 63 71 17 28 85 0 93 14 65 98 84 0 64 26 31 93 72 95 0 37 48 93 77 94 58 67 52 38 39 9 0 98 59 0 47 15 13 66 54 0 0 59 75 0 0 59 60 95 0 0 34 0 75 43 36 10 0 94 10 40 61 0 18 75 47 27 0 66 39 28 13 28 51 
92 62 99 12 80 64 12 49 0 0 37 0 1 0 21 84 43 0 64 0 70 58 0 75 0 21 86 0 0 17 0 89 77 20 87 31 34 65 28 73 0 97 20 50 83 66 75 63 85 70 71 0 6 65 75 66 19 99 0 29 95 21 91 0 28 22 39 78 26 37 41 42 46 91 80 24 82 96 40 36 
27 25 45 40 18 12 26 0 32 0 63 93 70 90 79 45 26 17 26 70 0 40 0 56 0 77 69 65 55 0 36 82 54 58 65 85 0 43 79 55 0 65 59 0 0 86 75 18 0 4 0 0 25 19 53 0 77 0 0 26 76 80 44 76 57 22 24 29 57 0 78 59 80 39 0 14 3 43 9 19 
24 52 14 0 53 63 39 89 10 81 6 42 36 55 14 81 78 30 31 58 40 0 0 72 20 14 89 36 29 72 64 2 0 8 92 81 82 6 45 10 24 0 6 89 0 85 57 91 0 68 0 98 80 16 51 0 16 42 48 18 97 74 71 33 36 67 61 14 52 86 31 0 12 35 8 91 66 15 6 6 
61 12 15 73 9 43 30 0 40 23 96 20 58 69 86 95 33 99 93 0 0 0 0 38 41 6 87 0 70 59 84 0 98 37 84 56 68 87 8 22 6 34 47 30 67 73 48 69 44 53 32 45 98 78 0 0 0 60 61 90 0 0 23 0 0 67 90 2 0 55 47 0 12 2 0 16 63 0 0 36 
58 67 46 45 9 28 41 44 0 0 82 58 0 0 79 96 17 24 72 75 56 72 38 0 79 2 0 87 0 0 0 0 69 0 25 0 80 14 0 31 7 19 69 29 60 30 0 0 81 0 88 0 29 0 42 0 43 99 31 24 37 72 24 49 49 13 58 90 48 3 0 76 81 62 66 0 75 42 55 63 
32 30 0 32 39 8 13 87 80 0 0 45 0 0 0 66 62 70 95 0 0 20 41 79 0 2 42 61 74 55 37 0 52 12 21 33 74 4 49 65 87 93 98 58 29 53 91 25 3 74 0 54 69 40 80 1 8 42 41 40 30 57 89 50 26 57 0 64 76 0 0 0 9 0 4 96 96 48 46 29 
23 58 4 39 24 45 51 0 3 91 0 57 37 47 7 43 94 69 0 21 77 14 6 2 2 0 63 15 92 61 43 0 0 90 27 18 51 96 11 36 38 73 0 75 64 23 34 79 69 28 77 16 34 53 30 18 35 0 14 73 50 0 24 68 5 0 92 71 77 71 34 78 54 84 6 98 0 35 52 98 
78 27 69 71 59 40 0 0 14 56 0 92 0 71 53 11 0 24 37 86 69 89 87 0 42 63 0 0 10 0 82 0 23 39 25 17 35 44 86 6 23 62 0 85 7 60 28 13 80 0 0 0 0 0 93 81 50 60 0 9 42 82 77 40 17 48 61 37 87 77 43 20 44 62 53 68 0 20 78 4 
54 38 0 74 65 1 45 84 97 0 56 44 51 45 0 85 0 85 48 0 65 36 0 87 61 15 0 0 62 25 37 75 43 74 72 4 97 39 0 20 65 0 0 17 42 0 61 71 88 27 35 0 0 7 17 68 0 8 0 22 34 76 39 16 0 0 44 60 69 7 0 25 15 40 63 84 54 98 81 40 
0 69 6 79 0 35 68 79 0 79 11 42 5 21 55 48 41 25 93 0 55 29 70 0 74 92 10 62 0 58 0 62 35 0 34 0 13 0 3 44 57 73 0 45 2 0 80 39 75 5 35 85 58 67 67 66 88 49 26 0 29 53 61 7 67 64 43 64 83 68 0 0 55 0 0 62 0 39 66 56 
46 65 84 40 49 46 21 85 0 8 6 65 0 55 0 67 22 54 77 17 0 72 59 0 55 61 0 25 58 0 16 40 82 77 18 0 40 37 25 51 9 28 0 64 79 21 13 61 57 98 0 30 47 65 0 53 97 1 87 0 99 69 0 91 23 72 0 9 15 54 79 0 41 0 0 21 75 34 42 51 
72 33 53 39 0 67 74 60 77 83 19 65 0 18 27 47 37 29 94 0 36 64 84 0 37 43 82 37 0 16 0 0 32 35 24 81 1 0 0 69 72 5 94 95 74 32 96 78 5 80 67 75 74 22 5 15 27 18 79 92 0 38 17 21 48 26 18 6 69 0 47 6 38 21 63 18 42 4 92 15 
16 62 48 17 0 94 30 4 86 50 0 27 27 0 90 2 31 78 58 89 82 2 0 0 0 0 0 75 62 40 0 0 0 42 67 32 39 58 0 64 58 0 73 48 33 0 14 0 49 73 92 5 82 44 68 17 0 85 0 65 30 51 37 87 33 43 0 18 41 97 30 0 11 33 90 5 27 0 0 67 
0 46 0 53 17 75 82 23 28 8 53 58 88 87 3 54 64 2 67 77 54 0 98 69 52 0 23 43 35 82 32 0 0 9 41 77 21 30 32 87 95 1 98 43 79 48 98 19 51 0 53 95 70 77 33 5 85 20 8 22 97 59 15 36 73 31 14 27 10 54 0 0 39 30 66 38 2 49 52 36 
76 4 92 49 0 8 14 41 42 24 6 84 0 27 85 0 58 87 52 20 58 8 37 0 12 90 39 74 0 77 35 42 9 0 0 81 0 0 9 48 39 86 89 63 42 60 76 71 0 93 99 47 0 97 78 69 3 93 35 38 27 56 44 45 99 2 57 98 0 47 0 92 96 94 12 30 56 89 65 90 
73 81 57 82 26 99 59 37 1 73 78 5 72 0 21 0 0 56 38 87 65 92 84 25 21 27 25 72 34 18 24 67 41 0 0 5 0 72 81 99 30 89 33 42 73 24 48 30 44 86 0 28 4 54 8 31 72 72 98 84 25 84 7 63 14 43 40 79 0 44 9 0 50 33 70 84 4 40 55 10 
23 0 0 46 97 33 76 30 27 91 23 92 0 99 72 84 57 25 39 31 85 81 56 0 33 18 17 4 0 0 81 32 77 81 5 0 0 8 75 31 77 0 14 5 73 68 56 34 28 89 48 71 83 0 21 34 62 20 11 32 33 20 0 57 92 0 9 0 23 75 0 16 88 56 94 0 78 7 63 49 
0 0 27 54 0 0 27 14 39 92 79 32 45 68 0 27 22 0 9 34 0 82 68 80 74 51 35 97 13 40 1 39 21 0 0 0 0 91 16 85 56 0 99 0 94 31 91 0 0 69 59 13 19 30 34 0 60 53 91 7 65 81 0 40 93 77 33 55 74 4 0 0 73 54 18 53 11 34 9 23 
25 0 99 35 90 0 99 88 12 29 26 0 97 0 0 74 40 65 0 65 43 6 87 14 4 96 44 39 0 37 0 58 30 0 72 8 91 0 30 0 60 19 46 45 53 12 35 43 18 27 66 1 12 57 0 59 21 92 33 16 85 51 41 81 72 72 0 6 0 48 26 24 40 14 0 0 0 80 87 68 
86 41 60 73 9 0 23 22 41 51 0 6 0 30 15 57 0 8 98 28 79 45 8 0 49 11 86 0 3 25 0 0 32 9 81 75 16 30 0 0 94 82 14 28 0 14 14 0 21 53 40 83 4 99 81 52 0 76 5 49 65 0 50 95 0 30 63 19 73 41 79 92 52 52 63 46 0 69 0 7 
33 23 0 46 62 82 61 0 9 42 55 0 46 0 82 14 0 7 59 73 55 10 22 31 65 36 6 20 44 51 69 64 87 48 99 31 85 0 0 0 12 25 0 67 80 0 80 84 65 40 59 95 51 0 89 41 73 56 47 38 93 32 31 81 5 20 95 94 2 65 0 28 0 0 0 0 48 79 82 60 
0 39 0 3 0 93 36 18 53 0 20 17 31 31 9 0 96 33 0 0 0 24 6 7 87 38 23 65 57 9 72 58 95 39 30 77 56 60 94 12 0 54 46 59 92 76 54 33 80 88 85 55 2 34 27 95 69 97 58 28 51 93 17 38 24 94 79 79 97 12 11 80 91 32 0 3 0 88 82 40 
0 71 92 29 0 86 6 0 91 22 97 75 6 63 25 70 87 15 47 97 65 0 34 19 93 73 62 0 73 28 5 0 1 86 89 0 0 19 82 25 54 0 8 65 0 46 60 48 47 66 98 42 81 76 77 0 27 0 52 89 67 0 0 0 88 64 86 87 0 0 3 91 61 7 55 35 22 83 0 34 
21 97 50 52 3 21 13 71 37 0 69 83 8 73 75 46 97 98 15 20 59 6 47 69 98 0 0 0 0 0 94 73 98 89 33 14 99 46 14 0 46 8 0 98 12 54 95 46 0 97 0 26 0 0 77 7 39 49 51 78 30 77 50 27 86 0 0 57 26 0 96 70 54 90 41 99 40 0 91 72 
52 0 6 24 0 41 32 37 74 19 64 77 42 97 22 0 70 0 13 50 0 89 30 29 58 75 85 17 45 64 95 48 43 63 42 5 0 45 28 67 59 65 98 0 93 30 88 3 67 99 85 0 53 13 52 80 56 41 0 88 65 85 71 61 24 86 64 13 50 57 64 76 41 78 14 0 0 34 27 87 
60 0 17 46 29 94 53 1 0 29 30 85 90 91 66 43 10 60 66 83 0 0 67 60 29 64 7 42 2 79 74 33 79 42 73 73 94 53 0 80 92 0 12 93 0 38 0 73 99 83 0 38 7 98 89 0 65 98 0 91 0 57 7 74 60 88 0 41 55 81 11 0 8 85 79 55 22 48 98 0 
39 9 82 58 68 0 8 0 83 63 83 65 3 43 58 72 32 0 54 66 86 85 73 30 53 23 60 0 0 21 32 0 48 60 24 68 31 12 14 0 76 46 54 30 38 0 51 92 92 0 23 37 17 2 15 16 73 40 34 73 61 4 4 80 14 46 97 91 39 87 19 29 37 39 25 24 50 0 21 16 
33 69 21 76 39 90 83 88 9 27 0 86 44 74 18 18 0 47 0 75 75 57 48 0 91 34 28 61 80 13 96 14 98 76 48 56 91 35 14 80 54 60 95 88 0 51 0 43 0 54 11 18 12 81 58 77 30 83 8 48 16 48 53 36 0 0 47 42 82 87 3 7 95 0 0 23 31 52 36 82 
59 83 34 79 59 69 29 44 0 97 0 33 41 0 47 0 78 91 0 63 18 91 69 0 25 79 13 71 39 61 78 0 19 71 30 34 0 43 0 84 33 48 46 3 73 92 43 0 77 72 88 0 72 26 11 23 59 12 93 96 0 57 97 90 92 22 80 0 69 53 53 0 25 0 15 30 58 27 0 94 
74 56 37 46 84 0 6 25 72 76 8 90 43 68 62 92 25 54 59 85 0 0 44 81 3 69 80 88 75 57 5 49 51 0 44 28 0 18 21 65 80 47 0 67 99 92 0 77 0 31 94 10 72 15 38 0 92 62 64 29 42 67 20 90 52 15 0 0 0 12 0 0 48 83 3 0 96 99 73 1 
0 89 81 37 0 66 81 56 71 0 0 0 28 60 0 81 68 0 75 70 4 68 53 0 74 28 0 27 5 98 80 73 0 93 86 89 69 27 53 40 88 66 97 99 83 0 54 72 31 0 66 2 0 5 87 30 97 0 14 69 26 79 9 73 77 35 0 62 49 5 61 49 91 69 45 32 5 52 0 22 
55 5 91 11 0 21 21 29 29 72 90 91 34 75 31 68 0 23 0 71 0 0 32 88 0 77 0 35 35 0 67 92 53 99 0 48 59 66 40 59 85 98 0 85 0 23 11 88 94 66 0 23 95 32 48 54 35 72 81 97 22 29 59 22 76 76 14 41 33 42 26 3 94 20 13 0 26 31 44 33 
85 40 0 96 3 93 60 10 94 29 0 88 90 47 56 0 51 25 0 0 0 98 45 0 54 16 0 0 85 30 75 5 95 47 28 71 13 1 83 95 55 42 26 0 38 37 18 0 10 2 23 0 22 9 47 85 41 39 43 46 61 69 56 10 90 0 91 18 67 0 57 34 18 65 0 38 73 0 0 77 
78 52 94 89 65 0 46 82 60 2 57 58 35 40 88 10 92 0 59 6 25 80 98 29 69 34 0 0 58 47 74 82 70 0 4 83 19 12 4 51 2 81 0 53 7 17 12 72 72 0 95 22 0 0 70 31 47 38 41 0 62 0 45 13 13 67 30 42 4 8 93 36 57 68 95 47 54 32 6 55 
50 0 23 92 0 98 98 17 74 74 11 85 25 90 0 93 72 66 60 65 19 16 78 0 40 53 0 7 67 65 22 44 77 97 54 0 30 57 99 0 34 76 0 13 98 2 81 26 15 5 32 9 0 0 49 50 0 46 2 92 0 0 0 0 89 2 58 25 67 22 65 45 0 71 0 54 0 64 0 73 
52 12 0 0 29 20 94 67 52 86 93 16 4 51 40 29 13 47 95 75 53 51 0 42 80 30 93 17 67 0 5 68 33 78 8 21 34 0 81 89 27 77 77 52 89 15 58 11 38 87 48 47 70 49 0 83 0 77 13 93 68 17 79 0 28 47 47 0 66 80 77 0 27 56 57 44 48 62 9 16 
32 1 8 22 13 22 30 38 38 24 84 89 5 70 12 43 45 19 0 66 0 0 0 0 1 18 81 68 66 53 15 17 5 69 31 34 0 59 52 41 95 0 7 80 0 16 77 23 0 30 54 85 31 50 83 0 36 0 0 58 84 72 0 46 17 96 68 32 49 32 63 15 79 37 54 53 1 12 99 31 
0 79 57 70 19 64 0 0 59 9 96 50 29 10 57 30 61 25 0 19 77 16 0 43 8 35 50 0 88 97 27 0 85 3 72 62 60 21 0 73 69 27 39 56 65 73 30 59 92 97 35 41 47 0 0 36 0 43 23 0 70 99 82 96 0 35 0 1 81 49 0 87 79 70 0 72 59 38 35 30 
0 77 29 0 58 21 80 39 49 26 73 12 0 50 4 66 61 94 34 99 0 42 60 99 42 0 60 8 49 1 18 85 20 93 72 20 53 92 76 56 97 0 49 41 98 40 83 12 62 0 72 39 38 46 77 0 43 0 90 9 10 61 56 73 74 0 82 20 97 0 6 93 57 66 86 47 0 0 52 18 
29 0 0 86 0 77 74 15 75 26 1 14 0 0 17 0 20 34 0 0 0 48 61 31 41 14 0 0 26 87 79 0 8 35 98 11 91 33 5 47 58 52 51 0 0 34 8 93 64 14 81 43 41 2 13 0 23 90 0 92 22 23 1 0 91 50 0 15 24 97 0 58 72 7 95 0 65 0 63 96 
55 22 54 64 13 46 0 28 52 83 0 86 0 26 22 38 91 27 75 29 26 18 90 24 40 73 9 22 0 0 92 65 22 38 84 32 7 16 49 38 28 89 78 88 91 73 48 96 29 69 97 46 0 92 93 58 0 9 92 0 0 53 13 36 28 66 88 22 68 56 86 99 79 41 0 59 97 26 7 56 
0 77 47 7 31 0 0 14 76 56 32 64 62 36 29 30 12 30 43 95 76 97 0 37 30 50 42 34 29 99 0 30 97 27 25 33 65 85 65 93 51 67 30 65 0 61 16 0 42 26 22 61 62 0 68 84 70 10 22 0 0 51 72 34 96 0 24 38 91 22 92 49 43 94 62 1 45 0 20 1 
19 62 0 26 95 6 94 17 53 43 98 33 90 47 93 0 0 0 36 21 80 74 0 72 57 0 82 76 53 69 38 51 59 56 84 20 81 51 0 32 93 0 77 85 57 4 48 57 67 79 29 69 0 0 17 72 99 61 23 53 51 0 0 23 43 0 65 0 15 93 33 65 96 4 0 96 10 1 99 0 
5 10 84 6 40 7 89 77 56 57 3 93 34 72 67 43 60 90 10 91 44 71 23 24 89 24 77 39 61 0 17 37 15 44 7 0 0 41 50 31 17 0 50 71 7 4 53 97 20 9 59 56 45 0 79 0 82 56 1 13 72 0 0 55 53 0 69 64 0 38 35 78 34 13 62 48 0 0 45 84 
83 40 3 61 75 72 26 0 0 70 75 86 21 49 76 80 22 58 0 0 76 33 0 49 50 68 40 16 7 91 21 87 36 45 63 57 40 81 95 81 38 0 27 61 74 80 36 90 90 73 22 10 13 0 0 46 96 73 0 36 34 23 55 0 30 0 41 25 7 40 24 68 23 88 99 0 8 67 0 49 
25 4 50 12 0 30 88 75 42 70 66 88 35 0 20 94 71 0 94 28 57 36 0 49 26 5 17 0 67 23 48 33 73 99 14 92 93 72 0 5 24 88 86 24 60 14 0 92 52 77 76 90 13 89 28 17 0 74 91 28 96 43 53 30 0 65 11 46 82 99 94 42 0 93 72 43 61 2 89 77 
42 32 63 0 0 86 2 81 44 12 0 8 6 67 0 35 10 62 10 22 22 67 67 13 57 0 48 0 64 72 26 43 31 2 43 0 77 72 30 20 94 64 0 86 88 46 0 22 15 35 76 0 67 2 47 96 35 0 50 66 0 0 0 0 65 0 30 7 53 74 48 63 40 70 64 65 56 43 0 0 
13 12 55 41 71 0 41 74 90 63 85 98 60 32 25 95 0 56 40 39 24 61 90 58 0 92 61 44 43 0 18 0 14 57 40 9 33 0 63 95 79 86 0 64 0 97 47 80 0 0 14 91 30 58 47 68 0 82 0 88 24 65 69 41 11 30 0 16 97 0 32 0 13 21 0 49 24 42 88 14 
94 71 18 82 62 10 0 82 18 38 56 30 61 0 22 47 67 45 61 78 29 14 2 90 64 71 37 60 64 9 6 18 27 98 79 0 55 6 19 94 79 87 57 13 41 91 42 0 0 62 41 18 42 25 0 32 1 20 15 22 38 0 64 25 46 7 16 0 47 54 0 0 48 87 7 8 29 62 5 80 
0 32 81 28 44 37 1 0 87 56 65 9 61 43 30 0 62 7 0 26 57 52 0 48 76 77 87 69 83 15 69 41 10 0 0 23 74 0 73 2 97 0 26 50 55 39 82 69 0 49 33 67 4 67 66 49 81 97 24 68 91 15 0 7 82 53 97 47 0 0 0 0 44 27 98 1 0 10 0 59 
98 89 22 0 49 0 54 0 49 0 63 96 50 22 0 38 80 15 18 37 0 86 55 3 0 71 77 7 68 54 0 97 54 47 44 75 4 48 41 65 12 0 0 57 81 87 87 53 12 5 42 0 8 22 80 32 49 0 97 56 22 93 38 40 99 74 0 54 0 0 67 0 81 36 35 0 0 97 13 66 
74 28 63 42 37 0 57 92 17 6 0 42 86 48 36 90 16 11 75 41 78 31 47 0 0 34 43 0 0 79 47 30 0 0 9 0 0 26 79 0 11 3 96 64 11 19 3 53 0 61 26 57 93 65 77 63 0 6 0 86 92 33 35 24 94 48 32 0 0 67 0 0 73 2 71 22 0 56 4 0 
44 49 0 0 0 8 1 53 14 0 11 0 0 0 91 30 81 48 47 42 59 0 0 76 0 78 20 25 0 0 6 0 0 92 0 16 0 24 92 28 80 91 70 76 0 29 7 0 0 49 3 34 36 45 0 15 87 93 58 99 49 65 78 68 42 63 0 0 0 0 0 0 69 55 0 26 5 0 17 0 
82 20 85 86 13 50 20 11 9 0 67 0 63 20 55 60 89 0 27 46 80 12 12 81 9 54 44 15 55 41 38 11 39 96 50 88 73 40 52 0 91 61 54 41 8 37 95 25 48 91 94 18 57 0 27 79 79 57 72 79 43 96 34 23 0 40 13 48 44 81 73 69 0 31 50 97 80 44 29 0 
0 3 0 0 89 0 49 57 50 89 0 33 30 37 73 36 0 0 0 91 39 35 2 62 0 84 62 40 0 0 21 33 30 94 33 56 54 14 52 0 32 7 90 78 85 39 0 0 83 69 20 65 68 71 56 37 70 66 7 41 94 4 13 88 93 70 21 87 27 36 2 55 31 0 72 48 90 73 94 68 
6 16 8 3 51 27 11 10 99 0 3 0 33 47 71 18 8 10 66 80 0 8 0 66 4 6 53 63 0 0 63 90 66 12 70 94 18 0 63 0 0 55 41 14 79 25 0 15 3 45 13 0 95 0 57 54 0 86 95 0 62 0 62 99 72 64 0 7 98 35 71 0 50 72 0 99 64 83 20 97 
38 33 0 79 82 41 14 5 80 94 94 8 5 22 83 0 42 13 39 24 14 91 16 0 96 98 68 84 62 21 18 5 38 30 84 0 53 0 46 0 3 35 99 0 55 24 23 30 0 32 0 38 47 54 44 53 72 47 0 59 1 96 48 0 43 65 49 8 1 0 22 26 97 48 99 0 95 66 5 2 
88 0 91 39 14 18 8 53 43 51 60 20 0 60 5 1 8 0 28 82 3 66 63 75 96 0 0 54 0 75 42 27 2 56 4 78 11 0 0 48 0 22 40 0 22 50 31 58 96 5 26 73 54 0 48 1 59 0 65 97 45 10 0 8 61 56 24 29 0 0 0 5 80 90 64 95 0 0 49 32 
54 29 0 10 55 18 20 65 60 54 90 33 68 2 78 20 0 4 13 96 43 15 0 42 48 35 20 98 39 34 4 0 49 89 40 7 34 80 69 79 88 83 0 34 48 0 52 27 99 52 31 0 32 64 62 12 38 0 0 26 0 1 0 67 2 43 42 62 10 97 56 0 44 73 83 66 0 0 98 64 
80 44 56 25 14 63 0 53 40 14 59 0 92 60 86 11 1 87 28 40 9 6 0 55 46 52 78 81 66 42 92 0 52 65 55 63 9 87 0 82 82 0 91 27 98 21 36 0 73 0 44 0 6 0 9 99 35 52 63 7 20 99 45 0 89 0 88 5 0 13 4 17 29 94 20 5 49 98 0 8 
55 43 41 0 16 50 10 52 0 98 28 49 99 62 0 0 81 78 51 36 19 6 36 63 29 98 4 40 56 51 15 67 36 90 10 49 23 68 7 60 40 34 72 87 0 16 82 94 1 22 33 77 55 73 16 31 30 18 96 56 1 0 84 49 77 0 14 80 59 66 0 0 0 68 97 2 32 64 8 0 
