0 70 15 12 10 0 23 60 11 95 54 85 67 40 56 18 30 8 79 5 80 27 28 83 91 24 34 63 58 19 52 91 17 79 35 77 95 0 73 2 62 62 0 28 39 30 11 5 77 62 75 83 78 73 77 0 56 0 42 9 0 93 0 0 54 20 61 0 65 60 
70 0 0 54 79 36 0 89 46 91 0 19 52 54 0 74 3 37 81 13 59 81 80 88 0 35 78 1 17 33 6 36 84 20 18 26 63 56 0 0 0 0 68 91 0 66 27 89 58 99 84 0 2 42 97 54 0 75 75 71 94 51 65 0 58 0 68 21 66 60 
15 0 0 0 24 76 21 79 97 95 84 77 68 47 52 0 21 50 60 9 32 68 48 0 18 86 99 60 0 56 25 65 0 0 95 0 97 94 37 68 0 86 39 18 15 0 86 0 68 0 63 5 3 40 16 51 0 27 14 27 5 53 29 49 0 89 24 0 18 0 
12 54 0 0 0 0 81 35 14 3 0 44 0 16 30 12 38 23 20 0 12 67 12 95 0 0 37 71 14 82 29 60 2 98 17 66 58 49 20 50 0 36 76 16 76 52 10 77 21 37 86 89 21 57 0 64 56 0 83 0 28 24 0 75 33 22 14 47 67 63 
10 79 24 0 0 27 30 52 47 93 16 23 0 32 70 0 73 66 89 35 52 35 36 65 0 13 0 14 41 90 0 63 79 52 73 0 43 2 41 0 0 96 47 93 0 0 87 0 35 35 98 33 67 36 98 77 78 77 46 13 18 40 19 0 57 20 0 0 36 72 
0 36 76 0 27 0 10 83 35 5 99 79 89 63 6 0 0 62 13 0 77 20 55 92 17 56 71 28 0 79 63 0 90 85 0 4 88 44 13 41 21 82 55 16 49 71 75 0 37 24 46 45 67 46 9 98 28 44 72 1 45 50 0 54 64 0 10 0 67 0 
23 0 21 81 30 10 0 60 31 66 3 39 13 92 0 99 0 56 53 5 47 39 49 24 85 9 2 0 89 10 77 48 25 11 37 0 19 14 92 0 0 0 54 0 95 25 14 5 0 74 36 91 8 19 91 31 0 90 8 43 57 0 73 6 0 29 41 0 59 86 
60 89 79 35 52 83 60 0 36 19 67 84 86 0 87 73 58 89 92 0 30 56 0 61 0 95 81 36 52 34 69 19 42 16 0 17 42 40 6 93 59 65 28 99 0 0 67 87 0 19 0 58 46 71 87 33 15 70 45 0 39 0 11 0 51 0 64 1 0 56 
11 46 97 14 47 35 31 36 0 46 0 18 0 0 43 63 21 77 0 0 0 64 54 7 53 86 22 18 95 29 50 71 0 39 0 47 92 76 28 21 51 0 76 39 5 49 39 84 0 72 62 97 65 79 7 92 91 6 20 38 99 3 0 54 14 71 24 51 0 37 
95 91 95 3 93 5 66 19 46 0 90 0 14 0 0 15 64 18 73 27 79 58 48 73 1 55 38 30 99 0 0 67 0 37 0 9 26 99 81 92 10 97 78 68 47 89 74 40 54 13 0 65 74 14 17 54 29 54 0 59 45 36 40 0 7 0 31 49 41 74 
54 0 84 0 16 99 3 67 0 90 0 20 49 89 42 1 70 61 83 50 50 94 80 41 10 0 0 41 76 21 36 14 0 56 32 69 31 87 0 41 0 23 91 57 41 62 31 66 0 63 0 0 0 38 91 58 61 30 46 43 67 63 25 63 0 15 15 72 1 5 
85 19 77 44 23 79 39 84 18 0 20 0 85 65 23 1 2 99 84 79 70 0 93 94 24 39 96 60 46 82 0 0 95 0 88 69 45 39 6 61 0 98 0 1 0 18 60 92 34 40 0 0 16 0 31 41 13 89 65 43 59 19 41 91 89 85 91 38 13 10 
67 52 68 0 0 89 13 86 0 14 49 85 0 38 24 63 41 42 12 42 86 32 83 74 26 6 89 26 0 29 75 96 18 49 0 10 96 14 0 0 84 0 50 84 84 89 81 25 59 36 34 94 0 70 49 15 54 81 0 24 0 0 11 48 14 7 0 0 83 8 
40 54 47 16 32 63 92 0 0 0 89 65 38 0 13 56 48 68 85 55 6 54 81 72 0 56 93 70 7 67 58 80 51 4 62 29 54 31 0 29 7 62 64 82 0 0 0 66 98 39 84 0 64 16 0 28 0 0 95 31 93 0 48 96 0 73 0 90 68 46 
56 0 52 30 70 6 0 87 43 0 42 23 24 13 0 24 28 53 81 0 11 67 4 72 0 22 0 0 78 91 66 85 0 82 93 74 0 24 65 64 27 91 0 61 94 19 75 82 0 32 17 61 59 47 0 0 45 72 13 12 92 72 77 76 41 96 0 78 28 95 
18 74 0 12 0 0 99 73 63 15 1 1 63 56 24 0 65 58 0 79 78 69 54 97 85 44 84 5 0 58 0 50 92 85 22 26 13 56 74 0 23 95 70 14 94 34 58 81 10 63 3 87 80 41 25 39 0 22 23 64 6 3 0 66 56 80 4 50 78 57 
30 3 21 38 73 0 0 58 21 64 70 2 41 48 28 65 0 13 82 69 31 90 0 96 0 74 31 22 65 93 86 11 32 71 45 34 14 52 19 41 43 83 0 1 97 0 28 0 2 60 43 84 61 15 46 0 0 46 7 71 47 91 90 0 10 56 0 50 14 0 
8 37 50 23 66 62 56 89 77 18 61 99 42 68 53 58 13 0 82 8 20 0 44 51 29 89 15 2 41 7 64 95 52 80 52 0 41 0 71 0 0 46 3 29 0 19 0 0 77 29 0 28 98 0 0 0 2 0 76 60 46 55 84 11 86 64 0 0 27 82 
79 81 60 20 89 13 53 92 0 73 83 84 12 85 81 0 82 82 0 48 10 88 48 0 0 33 85 77 61 96 30 90 64 0 44 42 95 77 17 31 0 52 93 59 41 22 0 16 41 91 29 47 61 0 1 36 99 36 13 14 99 77 58 33 17 46 0 8 42 0 
5 13 9 0 35 0 5 0 0 27 50 79 42 55 0 79 69 8 48 0 14 60 53 56 8 85 14 74 21 54 0 97 63 53 53 61 10 41 9 69 81 31 10 19 58 0 15 93 85 36 18 42 69 43 42 0 46 41 85 0 0 55 81 19 64 16 69 85 85 10 
80 59 32 12 52 77 47 30 0 79 50 70 86 6 11 78 31 20 10 14 0 19 66 21 91 61 87 34 46 8 0 95 52 0 95 0 80 26 90 41 54 32 25 73 3 6 90 35 96 55 21 8 12 85 5 0 88 52 68 0 8 70 64 2 0 45 59 69 16 0 
27 81 68 67 35 20 39 56 64 58 94 0 32 54 67 69 90 0 88 60 19 0 79 36 24 14 45 75 0 39 37 25 44 74 16 74 61 76 8 89 9 97 29 2 77 0 37 59 50 67 27 37 0 22 10 0 32 0 0 67 72 62 0 0 0 88 78 34 7 49 
28 80 48 12 36 55 49 0 54 48 80 93 83 81 4 54 0 44 48 53 66 79 0 63 62 0 87 58 0 82 40 92 82 11 56 87 0 91 29 99 87 0 93 96 30 5 11 87 78 91 0 79 61 18 51 27 46 37 37 47 15 29 76 93 49 47 1 2 88 56 
83 88 0 95 65 92 24 61 7 73 41 94 74 72 72 97 96 51 0 56 21 36 63 0 65 10 74 0 42 47 83 4 46 27 0 79 0 32 17 0 41 30 68 12 36 0 69 76 37 88 16 23 10 49 44 0 0 44 93 30 20 50 60 94 27 18 18 31 69 77 
91 0 18 0 0 17 85 0 53 1 10 24 26 0 0 85 0 29 0 8 91 24 62 65 0 43 4 10 4 0 15 50 13 0 70 29 35 40 0 63 96 9 35 4 83 11 64 22 65 0 41 63 20 4 0 12 54 57 52 30 56 3 0 0 55 93 4 29 81 51 
24 35 86 0 13 56 9 95 86 55 0 39 6 56 22 44 74 89 33 85 61 14 0 10 43 0 21 86 24 41 0 93 52 34 0 57 5 53 92 35 98 52 43 33 59 42 86 79 60 61 42 84 2 58 8 7 32 33 0 39 89 38 0 59 73 25 72 76 67 23 
34 78 99 37 0 71 2 81 22 38 0 96 89 93 0 84 31 15 85 14 87 45 87 74 4 21 0 30 43 35 13 28 81 30 11 0 39 64 80 45 74 71 93 8 77 24 0 30 42 58 24 33 2 38 93 28 46 0 0 77 89 44 41 86 99 43 5 62 33 79 
63 1 60 71 14 28 0 36 18 30 41 60 26 70 0 5 22 2 77 74 34 75 58 0 10 86 30 0 0 19 79 21 30 16 78 39 16 81 80 0 14 44 77 53 0 0 14 3 26 18 23 39 75 0 5 62 7 86 61 65 15 80 39 48 0 60 57 73 0 1 
58 17 0 14 41 0 89 52 95 99 76 46 0 7 78 0 65 41 61 21 46 0 0 42 4 24 43 0 0 79 15 39 39 37 0 25 62 0 81 41 65 2 43 91 17 52 18 89 16 0 0 46 0 66 6 36 61 68 51 76 22 38 63 32 87 71 52 51 0 86 
19 33 56 82 90 79 10 34 29 0 21 82 29 67 91 58 93 7 96 54 8 39 82 47 0 41 35 19 79 0 59 74 94 0 63 21 0 27 81 0 55 4 0 79 0 57 81 65 55 0 0 0 65 0 80 28 19 76 3 40 0 61 84 93 14 0 85 0 0 86 
52 6 25 29 0 63 77 69 50 0 36 0 75 58 66 0 86 64 30 0 0 37 40 83 15 0 13 79 15 59 0 62 87 31 39 31 25 0 25 17 0 53 38 62 85 0 65 12 0 11 29 0 83 0 0 40 55 98 87 50 1 13 92 88 0 60 3 0 70 96 
91 36 65 60 63 0 48 19 71 67 14 0 96 80 85 50 11 95 90 97 95 25 92 4 50 93 28 21 39 74 62 0 0 40 21 56 27 0 50 99 98 0 0 52 24 96 48 99 0 5 0 0 38 38 79 5 63 91 8 0 64 88 97 14 90 10 0 87 86 68 
17 84 0 2 79 90 25 42 0 0 0 95 18 51 0 92 32 52 64 63 52 44 82 46 13 52 81 30 39 94 87 0 0 80 63 74 0 84 82 12 33 68 38 37 74 2 51 52 22 97 44 5 28 70 69 1 78 90 71 0 56 20 81 31 94 32 57 0 60 5 
79 20 0 98 52 85 11 16 39 37 56 0 49 4 82 85 71 80 0 53 0 74 11 27 0 34 30 16 37 0 31 40 80 0 21 26 84 67 85 0 17 86 4 9 2 99 66 93 68 34 0 82 8 59 48 0 30 2 14 92 85 43 33 3 88 57 0 81 62 97 
35 18 95 17 73 0 37 0 0 0 32 88 0 62 93 22 45 52 44 53 95 16 56 0 70 0 11 78 0 63 39 21 63 21 0 24 88 82 39 0 19 0 46 98 77 33 0 94 79 57 65 97 32 13 26 61 23 40 85 80 19 88 98 0 69 95 61 31 72 0 
77 26 0 66 0 4 0 17 47 9 69 69 10 29 74 26 34 0 42 61 0 74 87 79 29 57 0 39 25 21 31 56 74 26 24 0 39 76 0 70 2 58 0 99 35 21 1 0 0 96 0 21 0 68 16 20 33 7 58 0 0 3 81 40 0 43 63 80 87 65 
95 63 97 58 43 88 19 42 92 26 31 45 96 54 0 13 14 41 95 10 80 61 0 0 35 5 39 16 62 0 25 27 0 84 88 39 0 71 21 73 0 70 19 61 0 36 41 0 6 14 76 58 87 30 29 63 84 0 92 92 87 0 6 0 17 96 0 62 37 95 
0 56 94 49 2 44 14 40 76 99 87 39 14 31 24 56 52 0 77 41 26 76 91 32 40 53 64 81 0 27 0 0 84 67 82 76 71 0 94 30 49 48 15 0 28 86 34 30 80 18 82 84 0 58 0 75 24 99 45 60 30 48 65 86 18 53 56 80 0 16 
73 0 37 20 41 13 92 6 28 81 0 6 0 0 65 74 19 71 17 9 90 8 29 17 0 92 80 80 81 81 25 50 82 85 39 0 21 94 0 61 0 0 42 0 61 39 75 55 12 44 63 6 0 36 5 2 57 0 74 43 0 72 72 81 27 50 19 43 18 0 
2 0 68 50 0 41 0 93 21 92 41 61 0 29 64 0 41 0 31 69 41 89 99 0 63 35 45 0 41 0 17 99 12 0 0 70 73 30 61 0 63 12 53 5 43 0 0 0 38 41 53 7 86 75 9 23 80 5 0 90 48 36 17 0 83 93 60 52 12 70 
62 0 0 0 0 21 0 59 51 10 0 0 84 7 27 23 43 0 0 81 54 9 87 41 96 98 74 14 65 55 0 98 33 17 19 2 0 49 0 63 0 66 21 13 90 12 40 0 56 0 39 15 46 77 58 0 57 98 18 82 0 9 7 20 83 35 69 39 74 0 
62 0 86 36 96 82 0 65 0 97 23 98 0 62 91 95 83 46 52 31 32 97 0 30 9 52 71 44 2 4 53 0 68 86 0 58 70 48 0 12 66 0 30 79 22 27 88 0 0 84 6 56 81 14 28 44 0 10 0 77 87 0 85 47 89 0 62 0 54 59 
0 68 39 76 47 55 54 28 76 78 91 0 50 64 0 70 0 3 93 10 25 29 93 68 35 43 93 77 43 0 38 0 38 4 46 0 19 15 42 53 21 30 0 84 65 68 44 73 89 63 46 25 0 69 30 22 13 0 81 1 0 3 0 53 87 0 28 43 0 76 
28 91 18 16 93 16 0 99 39 68 57 1 84 82 61 14 1 29 59 19 73 2 96 12 4 33 8 53 91 79 62 52 37 9 98 99 61 0 0 5 13 79 84 0 19 93 18 0 13 79 38 15 88 3 0 41 0 0 96 0 19 66 66 20 44 86 12 33 10 87 
39 0 15 76 0 49 95 0 5 47 41 0 84 0 94 94 97 0 41 58 3 77 30 36 83 59 77 0 17 0 85 24 74 2 77 35 0 28 61 43 90 22 65 19 0 0 21 78 25 57 0 20 0 66 4 16 0 0 31 0 19 91 28 16 64 98 93 56 41 6 
30 66 0 52 0 71 25 0 49 89 62 18 89 0 19 34 0 19 22 0 6 0 5 0 11 42 24 0 52 57 0 96 2 99 33 21 36 86 39 0 12 27 68 93 0 0 0 57 21 92 18 40 58 42 5 83 91 86 34 21 64 50 0 14 45 12 1 97 98 12 
11 27 86 10 87 75 14 67 39 74 31 60 81 0 75 58 28 0 0 15 90 37 11 69 64 86 0 14 18 81 65 48 51 66 0 1 41 34 75 0 40 88 44 18 21 0 0 41 97 57 60 25 68 54 20 81 7 58 73 45 0 0 14 0 0 10 2 57 99 31 
5 89 0 77 0 0 5 87 84 40 66 92 25 66 82 81 0 0 16 93 35 59 87 76 22 79 30 3 89 65 12 99 52 93 94 0 0 30 55 0 0 0 73 0 78 57 41 0 65 60 47 14 93 0 72 0 80 27 1 0 0 62 0 76 90 47 75 44 2 56 
77 58 68 21 35 37 0 0 0 54 0 34 59 98 0 10 2 77 41 85 96 50 78 37 65 60 42 26 16 55 0 0 22 68 79 0 6 80 12 38 56 0 89 13 25 21 97 65 0 47 66 0 25 90 15 69 98 0 9 38 41 87 1 66 17 0 24 13 56 68 
62 99 0 37 35 24 74 19 72 13 63 40 36 39 32 63 60 29 91 36 55 67 91 88 0 61 58 18 0 0 11 5 97 34 57 96 14 18 44 41 0 84 63 79 57 92 57 60 47 0 80 75 30 58 74 18 0 33 8 0 52 23 0 0 40 55 47 84 0 47 
75 84 63 86 98 46 36 0 62 0 0 0 34 84 17 3 43 0 29 18 21 27 0 16 41 42 24 23 0 0 29 0 44 0 65 0 76 82 63 53 39 6 46 38 0 18 60 47 66 80 0 90 94 91 44 8 67 65 39 9 99 97 96 84 58 21 61 25 82 0 
83 0 5 89 33 45 91 58 97 65 0 0 94 0 61 87 84 28 47 42 8 37 79 23 63 84 33 39 46 0 0 0 5 82 97 21 58 84 6 7 15 56 25 15 20 40 25 14 0 75 90 0 86 64 90 40 81 87 53 92 0 79 0 87 64 74 4 32 13 86 
78 2 3 21 67 67 8 46 65 74 0 16 0 64 59 80 61 98 61 69 12 0 61 10 20 2 2 75 0 65 83 38 28 8 32 0 87 0 0 86 46 81 0 88 0 58 68 93 25 30 94 86 0 54 88 55 84 37 97 69 27 32 30 67 0 0 1 64 0 0 
73 42 40 57 36 46 19 71 79 14 38 0 70 16 47 41 15 0 0 43 85 22 18 49 4 58 38 0 66 0 0 38 70 59 13 68 30 58 36 75 77 14 69 3 66 42 54 0 90 58 91 64 54 0 15 54 94 0 15 47 89 91 0 53 41 52 47 46 19 68 
77 97 16 0 98 9 91 87 7 17 91 31 49 0 0 25 46 0 1 42 5 10 51 44 0 8 93 5 6 80 0 79 69 48 26 16 29 0 5 9 58 28 30 0 4 5 20 72 15 74 44 90 88 15 0 18 0 17 17 11 33 26 79 15 33 25 52 0 51 65 
0 54 51 64 77 98 31 33 92 54 58 41 15 28 0 39 0 0 36 0 0 0 27 0 12 7 28 62 36 28 40 5 1 0 61 20 63 75 2 23 0 44 22 41 16 83 81 0 69 18 8 40 55 54 18 0 0 0 0 75 52 0 0 0 0 20 0 0 6 0 
56 0 0 56 78 28 0 15 91 29 61 13 54 0 45 0 0 2 99 46 88 32 46 0 54 32 46 7 61 19 55 63 78 30 23 33 84 24 57 80 57 0 13 0 0 91 7 80 98 0 67 81 84 94 0 0 0 47 34 0 0 13 98 0 67 68 48 66 0 63 
0 75 27 0 77 44 90 70 6 54 30 89 81 0 72 22 46 0 36 41 52 0 37 44 57 33 0 86 68 76 98 91 90 2 40 7 0 99 0 5 98 10 0 0 0 86 58 27 0 33 65 87 37 0 17 0 47 0 92 45 44 38 36 26 0 95 22 63 19 0 
42 75 14 83 46 72 8 45 20 0 46 65 0 95 13 23 7 76 13 85 68 0 37 93 52 0 0 61 51 3 87 8 71 14 85 58 92 45 74 0 18 0 81 96 31 34 73 1 9 8 39 53 97 15 17 0 34 92 0 94 6 70 44 0 53 64 12 12 63 86 
9 71 27 0 13 1 43 0 38 59 43 43 24 31 12 64 71 60 14 0 0 67 47 30 30 39 77 65 76 40 50 0 0 92 80 0 92 60 43 90 82 77 1 0 0 21 45 0 38 0 9 92 69 47 11 75 0 45 94 0 18 15 3 46 52 69 71 77 51 79 
0 94 5 28 18 45 57 39 99 45 67 59 0 93 92 6 47 46 99 0 8 72 15 20 56 89 89 15 22 0 1 64 56 85 19 0 87 30 0 48 0 87 0 19 19 64 0 0 41 52 99 0 27 89 33 52 0 44 6 18 0 4 24 55 23 0 81 47 10 0 
93 51 53 24 40 50 0 0 3 36 63 19 0 0 72 3 91 55 77 55 70 62 29 50 3 38 44 80 38 61 13 88 20 43 88 3 0 48 72 36 9 0 3 66 91 50 0 62 87 23 97 79 32 91 26 0 13 38 70 15 4 0 0 22 42 75 96 62 8 0 
0 65 29 0 19 0 73 11 0 40 25 41 11 48 77 0 90 84 58 81 64 0 76 60 0 0 41 39 63 84 92 97 81 33 98 81 6 65 72 17 7 85 0 66 28 0 14 0 1 0 96 0 30 0 79 0 98 36 44 3 24 0 0 60 30 0 54 60 36 98 
0 0 49 75 0 54 6 0 54 0 63 91 48 96 76 66 0 11 33 19 2 0 93 94 0 59 86 48 32 93 88 14 31 3 0 40 0 86 81 0 20 47 53 20 16 14 0 76 66 0 84 87 67 53 15 0 0 26 0 46 55 22 60 0 87 0 0 0 0 5 
54 58 0 33 57 64 0 51 14 7 0 89 14 0 41 56 10 86 17 64 0 0 49 27 55 73 99 0 87 14 0 90 94 88 69 0 17 18 27 83 83 89 87 44 64 45 0 90 17 40 58 64 0 41 33 0 67 0 53 52 23 42 30 87 0 36 99 55 65 6 
20 0 89 22 20 0 29 0 71 0 15 85 7 73 96 80 56 64 46 16 45 88 47 18 93 25 43 60 71 0 60 10 32 57 95 43 96 53 50 93 35 0 0 86 98 12 10 47 0 55 21 74 0 52 25 20 68 95 64 69 0 75 0 0 36 0 18 99 50 64 
61 68 24 14 0 10 41 64 24 31 15 91 0 0 0 4 0 0 0 69 59 78 1 18 4 72 5 57 52 85 3 0 57 0 61 63 0 56 19 60 69 62 28 12 93 1 2 75 24 47 61 4 1 47 52 0 48 22 12 71 81 96 54 0 99 18 0 0 36 5 
0 21 0 47 0 0 0 1 51 49 72 38 0 90 78 50 50 0 8 85 69 34 2 31 29 76 62 73 51 0 0 87 0 81 31 80 62 80 43 52 39 0 43 33 56 97 57 44 13 84 25 32 64 46 0 0 66 63 12 77 47 62 60 0 55 99 0 0 23 0 
65 66 18 67 36 67 59 0 0 41 1 13 83 68 28 78 14 27 42 85 16 7 88 69 81 67 33 0 0 0 70 86 60 62 72 87 37 0 18 12 74 54 0 10 41 98 99 2 56 0 82 13 0 19 51 6 0 19 63 51 10 8 36 0 65 50 36 23 0 6 
60 60 0 63 72 0 86 56 37 74 5 10 8 46 95 57 0 82 0 10 0 49 56 77 51 23 79 1 86 86 96 68 5 97 0 65 95 16 0 70 0 59 76 87 6 12 31 56 68 47 0 86 0 68 65 0 63 0 86 79 0 0 98 5 6 64 5 0 6 0 
