0 76 0 33 94 16 22 52 13 14 72 3 79 98 46 55 11 17 17 0 0 15 0 92 67 29 0 89 0 0 14 93 69 76 0 3 41 0 37 50 
76 0 0 83 29 0 58 9 49 45 0 55 70 76 87 44 58 94 79 26 0 0 0 33 58 50 0 9 26 90 24 80 62 96 0 80 88 36 61 37 
0 0 0 91 59 78 0 58 37 0 8 37 7 95 15 0 31 48 99 78 0 21 74 65 76 0 0 87 18 0 55 48 0 36 39 0 11 27 82 28 
33 83 91 0 30 65 45 99 79 81 37 73 90 69 57 0 0 80 63 86 82 92 15 86 64 73 66 56 34 39 9 0 97 28 36 8 47 0 47 61 
94 29 59 30 0 67 48 90 0 3 0 82 0 39 17 0 44 43 45 0 86 11 22 47 55 21 8 83 0 78 6 83 0 94 98 47 0 42 0 8 
16 0 78 65 67 0 45 0 30 19 30 22 26 58 19 63 15 17 93 0 0 87 61 66 97 40 62 0 0 51 0 35 37 40 18 71 27 24 37 28 
22 58 0 45 48 45 0 73 86 65 59 24 90 30 80 99 78 26 60 51 31 59 89 2 81 33 32 75 24 98 0 8 4 51 59 0 67 64 74 0 
52 9 58 99 90 0 73 0 59 57 89 97 93 97 57 38 0 17 62 65 84 0 82 76 55 0 8 34 62 0 8 20 61 66 33 98 37 36 57 14 
13 49 37 79 0 30 86 59 0 47 88 5 85 24 3 82 0 16 62 48 39 49 78 28 84 0 41 90 29 0 2 20 38 6 1 63 41 56 47 40 
14 45 0 81 3 19 65 57 47 0 31 58 0 4 0 27 42 45 7 0 54 78 0 94 6 85 23 28 60 40 23 25 75 34 89 66 90 40 68 0 
72 0 8 37 0 30 59 89 88 31 0 71 54 41 88 88 30 19 0 68 2 0 66 0 57 85 19 0 28 38 94 88 8 77 0 0 34 43 95 4 
3 55 37 73 82 22 24 97 5 58 71 0 15 96 63 44 54 23 20 73 62 49 0 37 93 52 46 48 76 0 23 0 0 0 0 67 87 0 92 89 
79 70 7 90 0 26 90 93 85 0 54 15 0 38 42 7 86 54 15 48 34 0 43 91 68 27 71 56 55 45 15 18 74 21 60 10 37 39 48 15 
98 76 95 69 39 58 30 97 24 4 41 96 38 0 89 0 33 91 96 98 78 73 83 81 12 2 93 93 68 60 53 31 0 21 86 21 74 86 62 71 
46 87 15 57 17 19 80 57 3 0 88 63 42 89 0 34 0 67 59 91 33 84 0 12 60 0 60 0 62 73 57 71 40 9 38 6 0 92 98 23 
55 44 0 0 0 63 99 38 82 27 88 44 7 0 34 0 21 93 0 45 11 7 64 32 13 83 27 87 0 64 0 45 14 93 52 0 0 66 31 93 
11 58 31 0 44 15 78 0 0 42 30 54 86 33 0 21 0 23 79 96 50 0 49 99 63 94 61 47 41 43 0 0 76 18 14 51 0 43 0 48 
17 94 48 80 43 17 26 17 16 45 19 23 54 91 67 93 23 0 14 72 0 85 91 46 10 54 98 17 23 13 11 79 51 6 0 45 29 0 60 49 
17 79 99 63 45 93 60 62 62 7 0 20 15 96 59 0 79 14 0 67 42 62 85 0 60 0 79 84 64 0 16 25 63 62 76 3 0 0 93 26 
0 26 78 86 0 0 51 65 48 0 68 73 48 98 91 45 96 72 67 0 70 98 3 74 84 62 52 0 44 5 96 99 71 0 34 53 95 44 12 61 
0 0 0 82 86 0 31 84 39 54 2 62 34 78 33 11 50 0 42 70 0 79 57 32 34 90 3 0 77 97 29 73 34 0 57 42 79 81 87 28 
15 0 21 92 11 87 59 0 49 78 0 49 0 73 84 7 0 85 62 98 79 0 0 55 5 36 0 0 47 65 17 45 13 41 97 37 41 99 49 15 
0 0 74 15 22 61 89 82 78 0 66 0 43 83 0 64 49 91 85 3 57 0 0 54 11 7 87 0 31 95 58 32 0 98 58 92 1 63 56 84 
92 33 65 86 47 66 2 76 28 94 0 37 91 81 12 32 99 46 0 74 32 55 54 0 90 61 8 73 43 11 0 96 31 0 84 79 91 90 38 0 
67 58 76 64 55 97 81 55 84 6 57 93 68 12 60 13 63 10 60 84 34 5 11 90 0 0 44 86 32 0 58 58 75 77 0 77 88 0 72 69 
29 50 0 73 21 40 33 0 0 85 85 52 27 2 0 83 94 54 0 62 90 36 7 61 0 0 48 52 47 39 30 5 0 78 12 58 14 69 76 97 
0 0 0 66 8 62 32 8 41 23 19 46 71 93 60 27 61 98 79 52 3 0 87 8 44 48 0 92 81 86 0 0 94 60 0 0 38 7 35 57 
89 9 87 56 83 0 75 34 90 28 0 48 56 93 0 87 47 17 84 0 0 0 0 73 86 52 92 0 0 41 67 69 43 41 36 45 98 0 27 79 
0 26 18 34 0 0 24 62 29 60 28 76 55 68 62 0 41 23 64 44 77 47 31 43 32 47 81 0 0 1 89 10 43 35 0 0 99 0 0 59 
0 90 0 39 78 51 98 0 0 40 38 0 45 60 73 64 43 13 0 5 97 65 95 11 0 39 86 41 1 0 32 0 81 34 88 66 0 19 6 0 
14 24 55 9 6 0 0 8 2 23 94 23 15 53 57 0 0 11 16 96 29 17 58 0 58 30 0 67 89 32 0 86 31 0 70 86 65 8 30 62 
93 80 48 0 83 35 8 20 20 25 88 0 18 31 71 45 0 79 25 99 73 45 32 96 58 5 0 69 10 0 86 0 13 0 81 3 92 69 34 0 
69 62 0 97 0 37 4 61 38 75 8 0 74 0 40 14 76 51 63 71 34 13 0 31 75 0 94 43 43 81 31 13 0 19 17 0 37 32 35 81 
76 96 36 28 94 40 51 66 6 34 77 0 21 21 9 93 18 6 62 0 0 41 98 0 77 78 60 41 35 34 0 0 19 0 0 60 86 7 59 52 
0 0 39 36 98 18 59 33 1 89 0 0 60 86 38 52 14 0 76 34 57 97 58 84 0 12 0 36 0 88 70 81 17 0 0 31 0 0 62 0 
3 80 0 8 47 71 0 98 63 66 0 67 10 21 6 0 51 45 3 53 42 37 92 79 77 58 0 45 0 66 86 3 0 60 31 0 38 79 70 46 
41 88 11 47 0 27 67 37 41 90 34 87 37 74 0 0 0 29 0 95 79 41 1 91 88 14 38 98 99 0 65 92 37 86 0 38 0 0 71 60 
0 36 27 0 42 24 64 36 56 40 43 0 39 86 92 66 43 0 0 44 81 99 63 90 0 69 7 0 0 19 8 69 32 7 0 79 0 0 83 59 
37 61 82 47 0 37 74 57 47 68 95 92 48 62 98 31 0 60 93 12 87 49 56 38 72 76 35 27 0 6 30 34 35 59 62 70 71 83 0 90 
50 37 28 61 8 28 0 14 40 0 4 89 15 71 23 93 48 49 26 61 28 15 84 0 69 97 57 79 59 0 62 0 81 52 0 46 60 59 90 0 
