0 0 0 88 33 0 39 50 19 5 21 24 30 0 64 57 22 0 0 4 17 42 39 54 48 23 0 0 66 34 0 31 90 50 85 40 38 0 36 78 16 68 30 41 72 49 16 62 67 52 60 68 3 73 42 28 56 3 17 19 26 0 69 67 0 84 0 2 0 56 36 0 42 22 17 30 5 0 0 10 67 94 74 46 69 1 50 0 40 17 
0 0 68 72 73 75 41 69 0 45 0 77 56 78 69 87 84 70 39 19 24 24 61 84 0 0 87 0 0 88 81 49 53 67 0 1 59 92 0 16 94 29 21 0 44 53 0 31 81 51 27 10 1 53 90 81 60 0 51 49 0 73 0 10 33 0 34 33 80 63 56 67 0 47 16 16 85 0 11 27 98 87 0 15 51 14 22 79 59 32 
0 68 0 46 79 50 45 11 14 46 4 0 39 53 19 42 56 73 46 0 30 6 24 96 89 33 34 0 84 46 0 94 7 87 88 35 21 16 31 13 57 0 9 52 14 0 27 2 60 92 98 35 49 90 28 0 57 53 82 63 33 83 72 11 57 67 59 87 68 0 77 86 71 77 0 7 0 0 46 20 69 8 23 33 28 82 76 32 65 13 
88 72 46 0 86 0 56 14 74 65 37 34 96 68 63 47 77 26 12 46 0 48 76 0 96 52 56 47 36 62 33 24 32 0 69 47 76 38 42 44 37 35 53 0 76 0 0 0 21 44 51 38 0 49 87 0 0 13 83 47 53 7 0 0 69 22 35 0 0 69 81 45 0 56 0 87 4 35 9 10 25 66 61 6 51 74 49 0 2 90 
33 73 79 86 0 41 33 54 24 95 79 34 89 74 50 18 59 36 20 21 83 78 41 73 47 0 88 26 0 59 29 3 15 42 48 63 78 99 0 83 0 37 25 25 52 37 51 84 17 93 71 11 89 27 37 73 71 30 41 19 46 94 0 13 31 2 13 93 0 76 92 0 0 79 13 13 11 79 97 10 37 79 76 50 0 24 97 41 34 20 
0 75 50 0 41 0 58 37 1 70 53 25 1 44 27 99 0 68 52 75 8 0 43 68 10 63 0 0 47 28 13 4 91 54 28 79 0 22 0 39 0 74 74 27 37 67 70 18 55 8 38 94 32 58 49 67 46 9 89 53 46 30 97 14 8 86 52 0 81 83 84 27 97 93 4 24 7 38 27 92 20 81 13 47 0 32 27 12 39 3 
39 41 45 56 33 58 0 0 0 0 69 11 54 33 50 34 36 0 72 64 23 85 8 27 48 98 53 43 0 90 26 0 38 18 0 0 15 7 60 47 0 14 91 70 0 98 46 0 39 35 43 87 43 45 46 62 92 78 0 59 0 24 54 36 0 32 91 0 36 59 75 61 95 0 0 24 94 54 16 24 44 98 78 15 52 0 67 73 32 0 
50 69 11 14 54 37 0 0 36 64 12 0 36 8 88 94 7 5 0 0 18 1 77 0 39 99 0 53 84 43 0 48 67 5 73 0 20 12 57 84 73 93 0 45 72 85 56 44 25 22 0 43 9 18 75 59 62 75 22 30 33 52 0 69 9 65 0 28 0 65 32 66 10 0 0 17 0 84 90 9 50 15 96 1 0 59 87 47 0 79 
19 0 14 74 24 1 0 36 0 0 86 30 0 3 13 31 54 73 50 36 60 0 26 13 0 14 35 0 98 0 63 9 67 0 92 64 40 19 54 69 54 0 80 13 56 79 49 0 92 63 98 71 74 24 0 42 92 92 91 87 87 0 16 13 83 90 0 8 34 99 34 45 37 6 33 72 11 70 6 0 71 13 71 18 31 0 0 10 69 98 
5 45 46 65 95 70 0 64 0 0 52 9 9 62 85 99 71 35 43 63 0 43 0 72 17 21 28 0 0 17 81 0 48 13 45 44 37 93 80 58 54 9 83 58 81 0 58 0 55 13 79 47 95 14 0 0 32 25 70 0 86 0 88 65 17 48 56 0 7 36 0 15 4 25 74 82 53 2 13 61 53 52 31 19 0 0 0 67 43 37 
21 0 4 37 79 53 69 12 86 52 0 0 0 54 45 67 60 74 13 33 64 0 28 84 84 39 98 89 18 26 50 3 38 26 53 0 76 97 68 39 74 62 15 31 75 63 47 43 0 94 0 68 88 63 15 4 76 50 66 30 0 22 55 0 95 0 59 27 56 0 28 8 18 52 31 0 90 90 73 62 72 8 86 7 80 33 72 52 26 14 
24 77 0 34 34 25 11 0 30 9 0 0 76 78 21 70 95 93 12 18 97 52 49 13 0 67 89 0 10 45 55 44 26 71 52 68 56 60 4 98 18 13 57 83 95 55 96 52 82 69 90 0 0 44 88 45 60 37 69 79 12 0 0 68 0 48 73 80 2 0 83 50 53 67 44 12 29 84 48 78 8 91 14 6 0 0 7 0 4 98 
30 56 39 96 89 1 54 36 0 9 0 76 0 33 96 16 73 12 54 23 0 42 9 24 75 0 19 67 0 4 0 40 17 15 22 0 27 28 22 88 14 30 53 69 80 16 73 39 0 0 82 4 0 3 0 0 39 91 20 26 0 33 64 94 57 38 92 40 0 3 9 88 86 4 71 51 22 54 16 52 0 97 35 62 84 0 66 8 0 47 
0 78 53 68 74 44 33 8 3 62 54 78 33 0 59 44 65 55 6 82 94 44 47 42 35 0 32 0 2 89 89 51 0 30 95 62 13 0 2 78 0 4 37 0 63 48 81 88 76 2 0 60 75 13 43 19 0 56 7 65 90 95 54 48 60 7 26 87 0 9 33 0 55 56 69 56 0 46 85 57 45 28 97 46 46 61 0 66 26 12 
64 69 19 63 50 27 50 88 13 85 45 21 96 59 0 95 76 90 84 0 0 0 42 0 0 29 64 50 24 46 59 20 2 41 57 91 86 50 22 29 37 52 78 99 46 0 0 63 30 10 9 22 72 90 98 27 0 16 90 0 4 65 72 88 33 61 56 76 63 20 0 22 67 0 12 42 73 0 73 8 64 0 1 49 67 81 0 7 11 30 
57 87 42 47 18 99 34 94 31 99 67 70 16 44 95 0 13 0 91 15 21 19 26 97 0 0 13 59 29 66 67 0 64 26 85 62 34 86 52 0 31 19 34 25 93 46 0 73 50 0 62 63 0 91 8 95 93 2 50 40 54 84 13 39 88 29 32 0 8 34 36 73 49 9 29 0 95 10 34 2 26 23 79 0 7 37 11 34 31 46 
22 84 56 77 59 0 36 7 54 71 60 95 73 65 76 13 0 33 85 20 41 68 6 80 8 30 9 2 0 16 26 32 0 2 0 72 74 62 0 21 67 3 5 58 55 74 0 72 0 42 89 2 95 61 45 0 20 80 90 77 0 64 98 28 0 0 44 85 0 37 47 0 67 83 8 18 46 0 1 0 34 89 5 16 0 68 41 86 0 88 
0 70 73 26 36 68 0 5 73 35 74 93 12 55 90 0 33 0 58 5 7 1 30 68 0 2 15 15 20 87 79 98 77 0 99 43 30 91 28 16 83 26 0 98 71 56 76 58 57 95 16 10 33 62 63 73 59 45 82 79 5 0 24 0 55 52 53 58 58 87 62 26 46 15 89 12 83 30 6 31 0 5 52 28 0 91 0 92 86 25 
0 39 46 12 20 52 72 0 50 43 13 12 54 6 84 91 85 58 0 64 42 24 26 19 23 0 0 78 12 0 58 81 84 50 81 0 24 0 39 20 26 0 0 11 28 63 69 35 17 2 19 2 48 66 72 37 27 0 77 87 71 0 99 0 68 35 41 72 0 0 16 92 46 69 71 0 0 88 28 0 97 58 20 97 0 22 20 25 82 79 
4 19 0 46 21 75 64 0 36 63 33 18 23 82 0 15 20 5 64 0 5 15 0 85 40 52 65 68 0 0 0 51 0 55 26 0 0 16 85 9 0 75 29 83 33 10 66 96 90 70 17 85 95 42 77 96 80 75 0 74 0 0 21 24 62 0 85 0 67 19 94 53 73 5 18 26 0 14 44 0 52 75 61 83 31 51 61 0 0 0 
17 24 30 0 83 8 23 18 60 0 64 97 0 94 0 21 41 7 42 5 0 6 49 14 99 45 77 59 13 26 63 63 11 68 82 0 42 0 52 27 73 0 4 0 0 53 13 0 54 0 25 53 21 70 46 82 21 0 18 0 0 89 33 18 14 42 65 2 0 89 16 29 3 16 0 12 98 0 81 12 71 24 36 97 0 0 39 82 44 17 
42 24 6 48 78 0 85 1 0 43 0 52 42 44 0 19 68 1 24 15 6 0 99 30 41 46 22 37 15 60 47 54 0 22 60 43 12 82 11 27 0 48 76 0 0 28 35 75 13 10 68 0 84 0 0 82 61 18 8 56 6 24 37 60 95 65 57 67 51 66 31 47 45 94 93 61 66 0 97 39 94 43 23 21 72 0 0 15 99 37 
39 61 24 76 41 43 8 77 26 0 28 49 9 47 42 26 6 30 26 0 49 99 0 29 0 6 60 16 28 68 7 98 3 2 47 39 8 91 0 65 47 68 0 23 94 40 66 36 28 0 4 88 18 59 94 3 77 48 27 0 43 67 0 0 58 72 33 94 41 79 0 1 54 0 50 95 46 10 4 45 37 0 15 55 0 88 26 64 0 80 
54 84 96 0 73 68 27 0 13 72 84 13 24 42 0 97 80 68 19 85 14 30 29 0 55 0 4 51 29 39 25 32 0 11 0 81 53 99 93 26 0 0 97 45 67 40 40 63 4 97 33 27 32 75 44 69 37 87 0 82 0 0 86 92 30 0 5 0 43 65 90 57 16 82 0 54 5 61 90 85 11 19 49 31 0 8 88 40 99 84 
48 0 89 96 47 10 48 39 0 17 84 0 75 35 0 0 8 0 23 40 99 41 0 55 0 67 75 0 38 83 0 19 28 41 55 0 1 0 28 22 42 62 73 2 91 78 31 94 0 37 52 27 85 60 44 76 78 3 40 69 15 90 80 87 91 78 24 56 87 56 86 31 48 38 78 70 30 33 15 76 98 11 53 1 78 55 16 9 32 0 
23 0 33 52 0 63 98 99 14 21 39 67 0 0 29 0 30 2 0 52 45 46 6 0 67 0 4 76 97 0 31 80 0 39 0 58 33 84 22 24 84 20 93 84 41 33 41 68 49 26 0 3 12 53 10 26 0 0 0 52 31 68 73 0 30 51 33 5 48 1 60 27 79 70 30 41 6 68 11 85 98 55 83 0 98 0 82 94 41 83 
0 87 34 56 88 0 53 0 35 28 98 89 19 32 64 13 9 15 0 65 77 22 60 4 75 4 0 56 60 18 6 9 21 40 81 60 33 71 68 68 6 75 26 60 75 1 81 0 0 89 13 10 0 80 61 86 0 42 0 40 10 43 94 55 44 70 0 69 0 0 0 6 31 32 80 49 0 58 32 0 0 0 0 60 94 0 37 59 29 27 
0 0 0 47 26 0 43 53 0 0 89 0 67 0 50 59 2 15 78 68 59 37 16 51 0 76 56 0 0 65 48 6 62 96 86 62 40 27 14 98 5 43 17 68 0 86 48 4 15 39 0 0 70 0 59 49 56 83 77 0 23 29 0 12 36 87 35 47 4 93 72 42 98 96 51 40 16 29 53 82 35 19 72 14 68 2 61 39 84 95 
66 0 84 36 0 47 0 84 98 0 18 10 0 2 24 29 0 20 12 0 13 15 28 29 38 97 60 0 0 25 0 9 50 88 0 0 36 49 42 22 42 31 64 0 64 74 18 4 26 4 20 92 0 48 13 39 88 25 70 41 21 69 34 35 36 2 75 0 94 99 88 13 0 0 0 20 64 16 0 36 51 21 3 0 68 0 88 60 16 32 
34 88 46 62 59 28 90 43 0 17 26 45 4 89 46 66 16 87 0 0 26 60 68 39 83 0 18 65 25 0 0 90 32 70 85 75 56 72 89 78 84 77 50 91 0 9 65 36 16 0 3 95 0 8 0 23 20 56 0 0 0 51 0 76 84 71 12 45 7 31 36 88 85 90 0 85 30 62 14 14 8 90 97 43 51 85 49 26 2 0 
0 81 0 33 29 13 26 0 63 81 50 55 0 89 59 67 26 79 58 0 63 47 7 25 0 31 6 48 0 0 0 17 92 61 44 98 61 72 52 85 41 63 97 68 22 74 27 95 83 37 46 27 40 47 42 0 0 43 73 94 33 27 74 94 0 0 97 62 27 0 61 9 24 0 60 0 84 31 48 94 2 37 75 96 0 1 92 72 82 0 
31 49 94 24 3 4 0 48 9 0 3 44 40 51 20 0 32 98 81 51 63 54 98 32 19 80 9 6 9 90 17 0 9 29 60 0 45 0 38 82 95 0 96 73 72 12 43 55 61 21 18 37 95 19 0 16 99 62 54 80 11 97 34 28 90 64 12 63 31 30 46 0 22 35 87 75 0 45 27 88 64 53 75 84 71 0 30 55 11 3 
90 53 7 32 15 91 38 67 67 48 38 26 17 0 2 64 0 77 84 0 11 0 3 0 28 0 21 62 50 32 92 9 0 61 19 0 27 32 60 80 0 0 86 45 0 49 12 8 29 63 64 0 69 0 5 34 35 60 23 0 0 36 11 54 0 82 61 0 74 83 72 3 77 70 67 38 30 95 41 32 46 94 0 75 64 80 0 0 20 80 
50 67 87 0 42 54 18 5 0 13 26 71 15 30 41 26 2 0 50 55 68 22 2 11 41 39 40 96 88 70 61 29 61 0 99 26 9 83 57 1 0 45 93 20 57 13 50 39 72 10 83 0 0 69 6 27 85 0 0 2 24 40 85 0 17 79 63 41 7 0 46 60 50 0 60 0 0 84 91 25 55 0 0 0 68 3 0 50 40 55 
85 0 88 69 48 28 0 73 92 45 53 52 22 95 57 85 0 99 81 26 82 60 47 0 55 0 81 86 0 85 44 60 19 99 0 73 44 0 82 0 3 0 63 0 4 49 11 0 76 99 38 0 0 89 55 55 2 65 95 5 37 38 80 0 64 50 94 13 0 6 48 0 78 0 69 37 9 84 20 12 90 53 0 94 29 85 59 0 18 29 
40 1 35 47 63 79 0 0 64 44 0 68 0 62 91 62 72 43 0 0 0 43 39 81 0 58 60 62 0 75 98 0 0 26 73 0 56 19 39 37 55 4 0 55 88 0 81 0 47 88 33 12 54 31 71 0 83 37 98 74 93 1 60 20 54 32 92 32 3 97 60 79 35 75 72 32 59 26 0 82 40 18 68 55 0 80 39 66 49 0 
38 59 21 76 78 0 15 20 40 37 76 56 27 13 86 34 74 30 24 0 42 12 8 53 1 33 33 40 36 56 61 45 27 9 44 56 0 49 75 98 81 0 80 81 65 0 71 0 20 38 0 71 67 34 0 65 50 5 23 37 44 57 0 49 97 0 71 0 77 0 86 0 84 52 97 0 0 0 30 85 0 97 92 44 30 0 88 11 14 62 
0 92 16 38 99 22 7 12 19 93 97 60 28 0 50 86 62 91 0 16 0 82 91 99 0 84 71 27 49 72 72 0 32 83 0 19 49 0 9 67 83 26 0 95 34 81 44 13 95 1 28 16 0 16 76 46 9 73 74 0 33 85 82 70 0 12 42 71 0 35 89 41 88 8 37 13 61 8 0 0 0 0 0 69 20 3 0 39 12 0 
36 0 31 42 0 0 60 57 54 80 68 4 22 2 22 52 0 28 39 85 52 11 0 93 28 22 68 14 42 89 52 38 60 57 82 39 75 9 0 4 32 0 97 73 0 90 51 88 95 0 55 86 0 43 3 21 38 78 0 54 0 29 36 89 20 85 36 21 8 0 0 36 65 24 57 26 27 28 89 16 45 99 58 29 79 8 0 67 47 27 
78 16 13 44 83 39 47 84 69 58 39 98 88 78 29 0 21 16 20 9 27 27 65 26 22 24 68 98 22 78 85 82 80 1 0 37 98 67 4 0 68 0 96 93 11 55 8 55 13 10 6 15 0 7 41 4 68 36 99 0 85 65 0 71 79 14 0 67 27 0 51 0 24 0 85 75 63 3 51 0 46 71 30 16 0 12 9 25 40 0 
16 94 57 37 0 0 0 73 54 54 74 18 14 0 37 31 67 83 26 0 73 0 47 0 42 84 6 5 42 84 41 95 0 0 3 55 81 83 32 68 0 47 87 7 17 54 62 0 0 58 6 67 9 77 0 39 47 14 29 34 15 88 60 41 0 5 29 22 78 77 39 21 9 0 75 98 67 29 41 0 73 0 0 80 66 20 0 0 15 11 
68 29 0 35 37 74 14 93 0 9 62 13 30 4 52 19 3 26 0 75 0 48 68 0 62 20 75 43 31 77 63 0 0 45 0 4 0 26 0 0 47 0 93 17 90 37 45 75 45 0 0 66 84 16 20 56 74 0 82 7 84 67 64 0 99 76 20 24 28 5 54 46 95 0 38 52 15 31 0 3 0 19 82 45 29 91 39 0 85 65 
30 21 9 53 25 74 91 0 80 83 15 57 53 37 78 34 5 0 0 29 4 76 0 97 73 93 26 17 64 50 97 96 86 93 63 0 80 0 97 96 87 93 0 83 95 77 29 61 94 37 52 55 10 79 18 94 33 30 1 0 0 0 11 20 53 78 80 68 0 95 11 52 73 63 75 91 93 29 20 75 0 0 8 77 2 0 0 28 19 0 
41 0 52 0 25 27 70 45 13 58 31 83 69 0 99 25 58 98 11 83 0 0 23 45 2 84 60 68 0 91 68 73 45 20 0 55 81 95 73 93 7 17 83 0 38 85 0 56 53 49 27 61 94 77 15 47 0 54 60 0 94 4 27 91 17 0 28 10 7 40 0 44 0 75 82 2 55 12 62 0 58 0 48 0 0 9 62 0 43 53 
72 44 14 76 52 37 0 72 56 81 75 95 80 63 46 93 55 71 28 33 0 0 94 67 91 41 75 0 64 0 22 72 0 57 4 88 65 34 0 11 17 90 95 38 0 64 32 23 98 0 86 0 0 54 1 0 34 35 55 60 69 0 23 15 58 0 3 96 18 0 62 0 17 10 61 71 0 0 70 0 79 35 45 69 67 30 56 33 42 0 
49 53 0 0 37 67 98 85 79 0 63 55 16 48 0 46 74 56 63 10 53 28 40 40 78 33 1 86 74 9 74 12 49 13 49 0 0 81 90 55 54 37 77 85 64 0 75 51 0 88 52 81 0 18 71 0 0 70 37 0 16 48 82 24 76 60 56 14 0 26 19 37 65 0 85 10 22 73 50 17 3 0 15 0 96 39 0 67 84 11 
16 0 27 0 51 70 46 56 49 58 47 96 73 81 0 0 0 76 69 66 13 35 66 40 31 41 81 48 18 65 27 43 12 50 11 81 71 44 51 8 62 45 29 0 32 75 0 0 51 91 20 2 76 5 83 96 95 64 83 0 24 34 36 84 0 83 1 99 95 4 94 62 25 40 48 0 77 0 0 49 85 39 21 49 0 92 8 65 93 0 
62 31 2 0 84 18 0 44 0 0 43 52 39 88 63 73 72 58 35 96 0 75 36 63 94 68 0 4 4 36 95 55 8 39 0 0 0 13 88 55 0 75 61 56 23 51 0 0 6 80 73 0 0 62 4 58 0 90 25 91 0 0 0 94 76 35 98 49 59 80 94 80 73 0 12 20 53 54 1 89 59 0 91 40 45 24 32 0 35 51 
67 81 60 21 17 55 39 25 92 55 0 82 0 76 30 50 0 57 17 90 54 13 28 4 0 49 0 15 26 16 83 61 29 72 76 47 20 95 95 13 0 45 94 53 98 0 51 6 0 19 25 95 11 83 15 0 52 47 0 0 44 16 0 98 48 64 50 0 61 56 0 4 20 70 2 0 23 61 56 71 14 0 96 99 99 0 50 35 45 0 
52 51 92 44 93 8 35 22 63 13 94 69 0 2 10 0 42 95 2 70 0 10 0 97 37 26 89 39 4 0 37 21 63 10 99 88 38 1 0 10 58 0 37 49 0 88 91 80 19 0 56 94 51 0 90 51 1 91 74 75 66 0 0 76 8 39 7 63 67 31 0 0 42 90 79 95 98 87 58 36 24 54 81 61 13 62 90 71 30 0 
60 27 98 51 71 38 43 0 98 79 0 90 82 0 9 62 89 16 19 17 25 68 4 33 52 0 13 0 20 3 46 18 64 83 38 33 0 28 55 6 6 0 52 27 86 52 20 73 25 56 0 33 0 0 28 0 38 26 0 55 10 0 57 53 42 0 45 66 85 0 85 61 63 42 0 15 35 43 76 0 16 33 66 78 72 91 88 23 65 30 
68 10 35 38 11 94 87 43 71 47 68 0 4 60 22 63 2 10 2 85 53 0 88 27 27 3 10 0 92 95 27 37 0 0 0 12 71 16 86 15 67 66 55 61 0 81 2 0 95 94 33 0 10 11 63 1 86 65 0 0 45 27 9 38 80 57 41 0 22 2 13 0 22 31 28 0 76 76 0 25 72 76 37 0 83 57 0 18 49 9 
3 1 49 0 89 32 43 9 74 95 88 0 0 75 72 0 95 33 48 95 21 84 18 32 85 12 0 70 0 0 40 95 69 0 0 54 67 0 0 0 9 84 10 94 0 0 76 0 11 51 0 10 0 0 83 0 0 71 59 9 18 0 62 7 91 32 0 12 0 1 73 0 0 22 0 7 0 66 36 0 0 24 70 95 96 78 11 90 0 98 
73 53 90 49 27 58 45 18 24 14 63 44 3 13 90 91 61 62 66 42 70 0 59 75 60 53 80 0 48 8 47 19 0 69 89 31 34 16 43 7 77 16 79 77 54 18 5 62 83 0 0 11 0 0 37 64 62 59 13 69 95 0 27 40 7 10 57 66 44 20 52 90 45 7 95 27 0 28 32 88 46 0 96 45 6 38 32 60 30 14 
42 90 28 87 37 49 46 75 0 0 15 88 0 43 98 8 45 63 72 77 46 0 94 44 44 10 61 59 13 0 42 0 5 6 55 71 0 76 3 41 0 20 18 15 1 71 83 4 15 90 28 63 83 37 0 2 82 0 78 43 0 34 13 71 24 86 0 0 30 30 81 76 13 83 69 84 0 31 37 62 46 68 1 45 65 84 2 0 41 0 
28 81 0 0 73 67 62 59 42 0 4 45 0 19 27 95 0 73 37 96 82 82 3 69 76 26 86 49 39 23 0 16 34 27 55 0 65 46 21 4 39 56 94 47 0 0 96 58 0 51 0 1 0 64 2 0 52 0 68 49 12 9 0 20 84 69 3 89 66 84 99 21 50 26 79 95 72 63 80 0 0 28 0 54 85 76 0 21 21 0 
56 60 57 0 71 46 92 62 92 32 76 60 39 0 0 93 20 59 27 80 21 61 77 37 78 0 0 56 88 20 0 99 35 85 2 83 50 9 38 68 47 74 33 0 34 0 95 0 52 1 38 86 0 62 82 52 0 0 83 3 4 77 0 31 75 63 9 2 0 10 95 43 56 19 3 79 35 0 11 33 46 16 19 29 0 41 61 22 74 91 
3 0 53 13 30 9 78 75 92 25 50 37 91 56 16 2 80 45 0 75 0 18 48 87 3 0 42 83 25 56 43 62 60 0 65 37 5 73 78 36 14 0 30 54 35 70 64 90 47 91 26 65 71 59 0 0 0 0 6 0 84 16 40 0 51 94 38 79 20 0 63 44 56 77 95 68 81 26 48 0 83 88 62 18 34 54 60 44 3 99 
17 51 82 83 41 89 0 22 91 70 66 69 20 7 90 50 90 82 77 0 18 8 27 0 40 0 0 77 70 0 73 54 23 0 95 98 23 74 0 99 29 82 1 60 55 37 83 25 0 74 0 0 59 13 78 68 83 6 0 65 95 21 67 3 11 88 57 68 64 5 68 72 70 52 93 59 73 63 70 19 28 60 66 69 0 77 82 52 33 0 
19 49 63 47 19 53 59 30 87 0 30 79 26 65 0 40 77 79 87 74 0 56 0 82 69 52 40 0 41 0 94 80 0 2 5 74 37 0 54 0 34 7 0 0 60 0 0 91 0 75 55 0 9 69 43 49 3 0 65 0 14 4 82 12 0 71 0 26 1 56 14 20 0 43 30 76 76 15 19 0 62 49 77 15 71 53 57 29 0 64 
26 0 33 53 46 46 0 33 87 86 0 12 0 90 4 54 0 5 71 0 0 6 43 0 15 31 10 23 21 0 33 11 0 24 37 93 44 33 0 85 15 84 0 94 69 16 24 0 44 66 10 45 18 95 0 12 4 84 95 14 0 72 26 39 0 32 32 25 91 0 83 81 63 91 49 71 66 0 24 3 64 31 5 70 88 35 25 23 88 79 
0 73 83 7 94 30 24 52 0 0 22 0 33 95 65 84 64 0 0 0 89 24 67 0 90 68 43 29 69 51 27 97 36 40 38 1 57 85 29 65 88 67 0 4 0 48 34 0 16 0 0 27 0 0 34 9 77 16 21 4 72 0 87 69 75 31 35 58 88 50 56 0 0 10 48 48 69 46 80 0 87 79 62 5 0 16 1 0 58 94 
69 0 72 0 0 97 54 0 16 88 55 0 64 54 72 13 98 24 99 21 33 37 0 86 80 73 94 0 34 0 74 34 11 85 80 60 0 82 36 0 60 64 11 27 23 82 36 0 0 0 57 9 62 27 13 0 0 40 67 82 26 87 0 0 30 0 60 21 38 60 8 26 4 0 49 95 27 94 98 78 4 0 12 81 28 17 24 66 15 13 
67 10 11 0 13 14 36 69 13 65 0 68 94 48 88 39 28 0 0 24 18 60 0 92 87 0 55 12 35 76 94 28 54 0 0 20 49 70 89 71 41 0 20 91 15 24 84 94 98 76 53 38 7 40 71 20 31 0 3 12 39 69 0 0 96 22 74 34 2 66 65 0 73 0 14 87 31 0 0 7 6 43 89 26 0 39 48 89 87 85 
0 33 57 69 31 8 0 9 83 17 95 0 57 60 33 88 0 55 68 62 14 95 58 30 91 30 44 36 36 84 0 90 0 17 64 54 97 0 20 79 0 99 53 17 58 76 0 76 48 8 42 80 91 7 24 84 75 51 11 0 0 75 30 96 0 65 59 83 0 0 76 11 16 48 74 54 29 47 12 18 59 0 7 0 58 46 0 0 0 48 
84 0 67 22 2 86 32 65 90 48 0 48 38 7 61 29 0 52 35 0 42 65 72 0 78 51 70 87 2 71 0 64 82 79 50 32 0 12 85 14 5 76 78 0 0 60 83 35 64 39 0 57 32 10 86 69 63 94 88 71 32 31 0 22 65 0 86 95 76 76 31 0 74 72 42 0 0 62 37 77 25 59 13 0 85 16 0 47 56 25 
0 34 59 35 13 52 91 0 0 56 59 73 92 26 56 32 44 53 41 85 65 57 33 5 24 33 0 35 75 12 97 12 61 63 94 92 71 42 36 0 29 20 80 28 3 56 1 98 50 7 45 41 0 57 0 3 9 38 57 0 32 35 60 74 59 86 0 48 0 71 6 35 53 0 18 10 74 0 8 0 59 0 76 16 9 27 0 0 35 33 
2 33 87 0 93 0 0 28 8 0 27 80 40 87 76 0 85 58 72 0 2 67 94 0 56 5 69 47 0 45 62 63 0 41 13 32 0 71 21 67 22 24 68 10 96 14 99 49 0 63 66 0 12 66 0 89 2 79 68 26 25 58 21 34 83 95 48 0 37 57 64 35 70 0 0 18 14 10 47 20 8 71 15 0 0 2 0 48 31 98 
0 80 68 0 0 81 36 0 34 7 56 2 0 0 63 8 0 58 0 67 0 51 41 43 87 48 0 4 94 7 27 31 74 7 0 3 77 0 8 27 78 28 0 7 18 0 95 59 61 67 85 22 0 44 30 66 0 20 64 1 91 88 38 2 0 76 0 37 0 34 22 14 4 38 95 68 2 0 97 2 0 43 77 62 83 0 38 21 79 0 
56 63 0 69 76 83 59 65 99 36 0 0 3 9 20 34 37 87 0 19 89 66 79 65 56 1 0 93 99 31 0 30 83 0 6 97 0 35 0 0 77 5 95 40 0 26 4 80 56 31 0 2 1 20 30 84 10 0 5 56 0 50 60 66 0 76 71 57 34 0 28 6 69 57 36 87 1 51 62 91 37 43 69 0 96 56 13 33 84 82 
36 56 77 81 92 84 75 32 34 0 28 83 9 33 0 36 47 62 16 94 16 31 0 90 86 60 0 72 88 36 61 46 72 46 48 60 86 89 0 51 39 54 11 0 62 19 94 94 0 0 85 13 73 52 81 99 95 63 68 14 83 56 8 65 76 31 6 64 22 28 0 54 73 88 73 88 67 89 41 69 70 57 60 2 83 1 79 69 70 92 
0 67 86 45 0 27 61 66 45 15 8 50 88 0 22 73 0 26 92 53 29 47 1 57 31 27 6 42 13 88 9 0 3 60 0 79 0 41 36 0 21 46 52 44 0 37 62 80 4 0 61 0 0 90 76 21 43 44 72 20 81 0 26 0 11 0 35 35 14 6 54 0 62 0 55 24 34 14 21 62 18 71 62 26 47 34 0 25 75 5 
42 0 71 0 0 97 95 10 37 4 18 53 86 55 67 49 67 46 46 73 3 45 54 16 48 79 31 98 0 85 24 22 77 50 78 35 84 88 65 24 9 95 73 0 17 65 25 73 20 42 63 22 0 45 13 50 56 56 70 0 63 0 4 73 16 74 53 70 4 69 73 62 0 91 0 16 81 88 63 76 0 0 67 51 96 39 57 60 64 0 
22 47 77 56 79 93 0 0 6 25 52 67 4 56 0 9 83 15 69 5 16 94 0 82 38 70 32 96 0 90 0 35 70 0 0 75 52 8 24 0 0 0 63 75 10 0 40 0 70 90 42 31 22 7 83 26 19 77 52 43 91 10 0 0 48 72 0 0 38 57 88 0 91 0 60 0 79 94 31 81 31 8 0 63 54 95 97 27 4 45 
17 16 0 0 13 4 0 0 33 74 31 44 71 69 12 29 8 89 71 18 0 93 50 0 78 30 80 51 0 0 60 87 67 60 69 72 97 37 57 85 75 38 75 82 61 85 48 12 2 79 0 28 0 95 69 79 3 95 93 30 49 48 49 14 74 42 18 0 95 36 73 55 0 60 0 97 9 10 0 86 77 62 63 55 80 43 86 75 50 43 
30 16 7 87 13 24 24 17 72 82 0 12 51 56 42 0 18 12 0 26 12 61 95 54 70 41 49 40 20 85 0 75 38 0 37 32 0 13 26 75 98 52 91 2 71 10 0 20 0 95 15 0 7 27 84 95 79 68 59 76 71 48 95 87 54 0 10 18 68 87 88 24 16 0 97 0 70 68 38 46 76 57 59 83 0 61 49 55 82 25 
5 85 0 4 11 7 94 0 11 53 90 29 22 0 73 95 46 83 0 0 98 66 46 5 30 6 0 16 64 30 84 0 30 0 9 59 0 61 27 63 67 15 93 55 0 22 77 53 23 98 35 76 0 0 0 72 35 81 73 76 66 69 27 31 29 0 74 14 2 1 67 34 81 79 9 70 0 0 53 76 0 88 28 0 20 8 35 18 33 88 
0 0 0 35 79 38 54 84 70 2 90 84 54 46 0 10 0 30 88 14 0 0 10 61 33 68 58 29 16 62 31 45 95 84 84 26 0 8 28 3 29 31 29 12 0 73 0 54 61 87 43 76 66 28 31 63 0 26 63 15 0 46 94 0 47 62 0 10 0 51 89 14 88 94 10 68 0 0 94 37 69 53 40 0 41 82 6 0 87 88 
0 11 46 9 97 27 16 90 6 13 73 48 16 85 73 34 1 6 28 44 81 97 4 90 15 11 32 53 0 14 48 27 41 91 20 0 30 0 89 51 41 0 20 62 70 50 0 1 56 58 76 0 36 32 37 80 11 48 70 19 24 80 98 0 12 37 8 47 97 62 41 21 63 31 0 38 53 94 0 12 98 0 31 0 88 0 41 60 6 2 
10 27 20 10 10 92 24 9 0 61 62 78 52 57 8 2 0 31 0 0 12 39 45 85 76 85 0 82 36 14 94 88 32 25 12 82 85 0 16 0 0 3 75 0 0 17 49 89 71 36 0 25 0 88 62 0 33 0 19 0 3 0 78 7 18 77 0 20 2 91 69 62 76 81 86 46 76 37 12 0 87 4 11 60 73 20 0 58 94 3 
67 98 69 25 37 20 44 50 71 53 72 8 0 45 64 26 34 0 97 52 71 94 37 11 98 98 0 35 51 8 2 64 46 55 90 40 0 0 45 46 73 0 0 58 79 3 85 59 14 24 16 72 0 46 46 0 46 83 28 62 64 87 4 6 59 25 59 8 0 37 70 18 0 31 77 76 0 69 98 87 0 0 57 59 92 78 20 38 0 0 
94 87 8 66 79 81 98 15 13 52 8 91 97 28 0 23 89 5 58 75 24 43 0 19 11 55 0 19 21 90 37 53 94 0 53 18 97 0 99 71 0 19 0 0 35 0 39 0 0 54 33 76 24 0 68 28 16 88 60 49 31 79 0 43 0 59 0 71 43 43 57 71 0 8 62 57 88 53 0 4 0 0 56 77 50 33 3 20 39 65 
74 0 23 61 76 13 78 96 71 31 86 14 35 97 1 79 5 52 20 61 36 23 15 49 53 83 0 72 3 97 75 75 0 0 0 68 92 0 58 30 0 82 8 48 45 15 21 91 96 81 66 37 70 96 1 0 19 62 66 77 5 62 12 89 7 13 76 15 77 69 60 62 67 0 63 59 28 40 31 11 57 56 0 0 12 4 2 60 0 67 
46 15 33 6 50 47 15 1 18 19 7 6 62 46 49 0 16 28 97 83 97 21 55 31 1 0 60 14 0 43 96 84 75 0 94 55 44 69 29 16 80 45 77 0 69 0 49 40 99 61 78 0 95 45 45 54 29 18 69 15 70 5 81 26 0 0 16 0 62 0 2 26 51 63 55 83 0 0 0 60 59 77 0 0 2 0 89 89 6 86 
69 51 28 51 0 0 52 0 31 0 80 0 84 46 67 7 0 0 0 31 0 72 0 0 78 98 94 68 68 51 0 71 64 68 29 0 30 20 79 0 66 29 2 0 67 96 0 45 99 13 72 83 96 6 65 85 0 34 0 71 88 0 28 0 58 85 9 0 83 96 83 47 96 54 80 0 20 41 88 73 92 50 12 2 0 37 10 83 0 0 
1 14 82 74 24 32 0 59 0 0 33 0 0 61 81 37 68 91 22 51 0 0 88 8 55 0 0 2 0 85 1 0 80 3 85 80 0 3 8 12 20 91 0 9 30 39 92 24 0 62 91 57 78 38 84 76 41 54 77 53 35 16 17 39 46 16 27 2 0 56 1 34 39 95 43 61 8 82 0 20 78 33 4 0 37 0 0 87 28 82 
50 22 76 49 97 27 67 87 0 0 72 7 66 0 0 11 41 0 20 61 39 0 26 88 16 82 37 61 88 49 92 30 0 0 59 39 88 0 0 9 0 39 0 62 56 0 8 32 50 90 88 0 11 32 2 0 61 60 82 57 25 1 24 48 0 0 0 0 38 13 79 0 57 97 86 49 35 6 41 0 20 3 2 89 10 0 0 0 87 8 
0 79 32 0 41 12 73 47 10 67 52 0 8 66 7 34 86 92 25 0 82 15 64 40 9 94 59 39 60 26 72 55 0 50 0 66 11 39 67 25 0 0 28 0 33 67 65 0 35 71 23 18 90 60 0 21 22 44 52 29 23 0 66 89 0 47 0 48 21 33 69 25 60 27 75 55 18 0 60 58 38 20 60 89 83 87 0 0 35 35 
40 59 65 2 34 39 32 0 69 43 26 4 0 26 11 31 0 86 82 0 44 99 0 99 32 41 29 84 16 2 82 11 20 40 18 49 14 12 47 40 15 85 19 43 42 84 93 35 45 30 65 49 0 30 41 21 74 3 33 0 88 58 15 87 0 56 35 31 79 84 70 75 64 4 50 82 33 87 6 94 0 39 0 6 0 28 87 35 0 0 
17 32 13 90 20 3 0 79 98 37 14 98 47 12 30 46 88 25 79 0 17 37 80 84 0 83 27 95 32 0 0 3 80 55 29 0 62 0 27 0 11 65 0 53 0 11 0 51 0 0 30 9 98 14 0 0 91 99 0 64 79 94 13 85 48 25 33 98 0 82 92 5 0 45 43 25 88 88 2 3 0 65 67 86 0 82 8 35 0 0 
