0 92 0 5 78 88 41 35 46 99 23 86 24 24 0 88 13 81 16 50 10 37 64 37 29 78 43 65 0 67 7 62 26 4 0 84 30 55 0 25 0 61 11 0 71 59 0 32 51 0 88 55 36 96 13 84 0 86 88 49 57 34 87 55 0 41 46 55 98 97 15 54 0 65 49 5 0 31 18 42 0 18 62 53 47 73 51 95 0 40 98 69 99 98 68 56 24 0 28 42 
92 0 28 4 73 12 40 22 65 0 87 0 0 60 0 57 0 32 69 0 64 90 3 8 4 63 66 79 31 0 40 11 97 83 16 0 48 43 0 0 84 64 85 80 0 57 37 91 45 0 46 98 57 23 7 74 71 15 28 40 0 42 59 42 49 61 81 12 56 19 73 43 46 0 25 35 76 69 32 72 31 63 3 0 32 60 55 0 2 38 13 30 53 0 0 52 48 79 53 21 
0 28 0 49 73 0 57 0 0 31 15 21 61 18 43 93 66 80 74 98 23 36 71 99 82 58 90 64 9 73 10 29 45 85 0 75 92 82 0 20 88 52 45 56 19 43 31 41 3 32 71 0 0 25 25 70 11 0 77 76 0 22 30 93 15 88 13 61 16 96 33 24 58 37 61 55 25 8 53 12 12 29 21 32 0 27 0 13 92 15 10 77 99 49 84 33 31 55 55 58 
5 4 49 0 75 23 23 24 31 69 70 84 57 65 95 78 20 0 0 31 50 12 15 31 32 0 89 91 82 30 0 30 5 72 79 35 53 50 53 44 0 5 0 0 32 23 45 14 44 37 18 0 99 30 71 6 59 98 44 72 71 68 52 37 0 87 67 94 0 91 10 13 45 81 2 96 39 9 98 26 0 68 21 55 5 58 15 62 51 70 83 35 74 43 81 88 0 9 13 96 
78 73 73 75 0 71 0 65 28 27 34 35 0 82 74 92 0 99 80 79 49 78 95 19 53 55 1 87 10 36 44 53 53 60 71 8 45 11 96 8 0 0 0 48 0 37 0 91 72 86 4 0 52 0 0 13 70 0 68 41 77 95 0 10 3 8 92 44 34 0 0 13 45 44 53 98 43 70 29 11 35 0 43 47 0 0 55 56 40 52 12 0 89 87 59 89 8 0 0 0 
88 12 0 23 71 0 37 26 79 46 89 62 15 59 3 51 70 92 41 8 65 71 56 26 14 49 4 92 31 60 0 61 24 41 75 90 75 11 92 70 0 0 63 0 46 72 57 92 99 44 13 85 0 23 57 63 21 32 47 0 65 98 71 62 48 73 0 0 55 52 28 28 20 18 2 0 60 71 46 47 3 0 70 13 77 22 0 12 53 58 35 0 12 56 24 42 41 27 0 69 
41 40 57 23 0 37 0 98 2 51 12 16 98 69 0 22 68 16 87 60 65 37 92 54 41 0 0 41 20 81 8 14 0 48 51 57 12 6 88 68 0 48 57 18 4 11 28 46 81 3 0 71 0 89 49 94 0 39 79 55 0 42 91 46 2 0 88 66 31 88 1 45 99 65 23 86 88 96 0 53 73 0 84 6 89 85 16 49 0 67 66 0 26 83 29 87 86 81 54 3 
35 22 0 24 65 26 98 0 94 80 0 4 67 0 2 34 28 28 88 26 74 84 99 0 67 97 78 13 45 83 0 50 0 57 0 50 49 35 74 27 67 30 60 19 41 95 74 34 40 20 41 15 0 90 0 77 32 78 35 92 73 0 97 21 38 0 87 92 40 33 13 57 87 70 83 74 30 87 66 76 50 29 79 50 54 78 30 0 0 0 72 26 54 88 0 50 51 73 15 20 
46 65 0 31 28 79 2 94 0 55 33 80 0 84 47 42 0 3 2 0 0 0 37 66 38 74 66 0 91 3 6 1 11 49 0 51 0 48 0 31 99 0 69 0 34 7 7 39 47 30 14 54 53 0 39 0 62 38 0 0 43 12 0 35 10 66 20 23 67 28 60 22 69 0 29 67 0 73 99 22 29 0 51 51 32 74 87 54 41 40 86 89 53 39 28 32 0 42 68 10 
99 0 31 69 27 46 51 80 55 0 78 12 1 22 7 0 0 47 0 68 89 6 1 59 82 78 22 96 89 84 99 75 33 0 20 54 11 51 30 19 19 64 69 13 73 0 27 39 16 19 39 71 98 51 43 90 44 7 10 25 65 42 67 48 0 0 0 63 85 9 0 7 93 0 73 0 43 64 40 68 58 0 88 0 67 64 3 95 32 68 0 84 56 51 70 66 72 39 1 55 
23 87 15 70 34 89 12 0 33 78 0 85 98 31 0 65 0 7 26 15 42 0 67 3 18 0 53 0 4 71 32 12 30 29 0 16 41 17 24 31 0 89 0 0 4 89 5 11 36 9 26 0 77 0 26 75 30 24 87 83 6 44 90 0 60 40 20 9 0 0 0 71 26 57 68 85 45 51 80 15 0 55 0 43 90 0 53 66 24 50 24 67 0 7 97 95 15 15 0 26 
86 0 21 84 35 62 16 4 80 12 85 0 77 0 87 10 3 0 57 59 74 35 5 7 74 47 24 6 65 22 30 97 11 79 17 12 70 10 99 68 26 0 66 85 0 13 44 51 0 97 65 8 92 49 51 34 0 52 92 55 8 63 50 93 64 0 63 65 0 29 72 42 13 68 47 84 49 45 35 74 83 47 29 53 0 18 21 52 42 14 0 90 67 36 43 80 0 57 0 12 
24 0 61 57 0 15 98 67 0 1 98 77 0 66 89 87 73 72 44 98 50 41 91 19 46 85 0 0 37 16 80 5 87 8 0 18 0 95 22 61 44 82 13 10 48 0 43 68 0 26 0 99 66 0 19 44 77 72 3 84 27 0 30 7 59 66 38 96 42 7 27 44 98 47 0 55 57 0 47 0 67 0 15 8 34 0 50 88 0 0 99 87 0 72 9 48 17 75 89 49 
24 60 18 65 82 59 69 0 84 22 31 0 66 0 30 0 0 47 58 0 0 0 50 0 0 8 15 18 94 99 86 61 89 99 20 94 5 86 77 11 21 17 12 15 0 52 17 65 0 5 0 69 66 47 94 61 42 94 70 17 2 69 29 81 84 85 0 77 77 0 66 37 42 4 10 2 99 16 85 24 7 38 95 55 0 0 54 86 14 32 19 0 53 71 1 68 82 51 98 81 
0 0 43 95 74 3 0 2 47 7 0 87 89 30 0 70 0 0 16 0 9 36 0 50 55 28 9 72 98 0 60 35 88 45 96 50 0 13 43 44 55 84 0 54 25 16 69 0 33 81 0 20 70 45 93 13 89 92 3 16 0 71 64 0 61 55 30 0 40 70 0 75 15 97 52 38 91 13 98 86 0 51 24 66 42 51 13 49 58 15 64 63 60 73 61 0 32 0 34 53 
88 57 93 78 92 51 22 34 42 0 65 10 87 0 70 0 54 93 47 8 83 14 0 99 99 25 17 99 90 3 91 41 0 0 0 96 0 26 89 8 62 35 61 2 49 21 0 37 0 6 90 83 6 74 88 4 58 0 1 0 59 12 68 77 5 16 22 51 3 64 11 84 47 62 86 33 0 48 63 96 64 97 47 94 1 59 0 0 67 31 45 0 0 0 33 52 8 20 70 0 
13 0 66 20 0 70 68 28 0 0 0 3 73 0 0 54 0 45 78 85 0 44 87 68 82 37 0 35 55 72 1 39 99 84 10 57 74 25 75 32 93 32 0 64 66 50 28 47 1 0 89 5 90 84 0 84 3 13 19 59 97 0 62 21 0 27 0 95 15 0 93 74 22 0 43 86 68 67 8 99 0 47 89 90 17 23 44 71 9 80 4 88 19 3 54 0 35 17 27 79 
81 32 80 0 99 92 16 28 3 47 7 0 72 47 0 93 45 0 82 32 61 86 0 23 63 93 58 81 0 30 96 5 3 52 0 98 82 0 58 10 56 2 0 11 35 67 89 0 67 97 35 17 59 72 78 43 46 52 21 67 0 79 34 63 18 75 0 92 1 0 28 88 20 1 4 20 25 0 38 70 99 70 5 2 69 6 80 38 30 0 67 54 19 22 29 84 55 1 24 96 
16 69 74 0 80 41 87 88 2 0 26 57 44 58 16 47 78 82 0 0 15 62 59 10 19 0 21 93 82 2 46 0 36 20 2 60 90 59 65 34 47 74 0 0 25 72 79 57 51 63 92 40 0 0 52 0 62 69 0 38 85 0 88 0 32 0 73 46 60 19 20 13 73 81 90 12 56 87 50 64 47 99 0 38 69 56 42 39 56 57 9 0 10 49 85 0 0 38 26 42 
50 0 98 31 79 8 60 26 0 68 15 59 98 0 0 8 85 32 0 0 39 45 20 82 0 62 72 38 49 0 94 7 15 43 15 0 0 46 2 93 22 63 4 57 21 0 25 29 32 62 51 34 24 97 58 18 41 87 26 0 0 0 84 99 26 83 17 12 97 0 59 0 66 71 85 19 50 93 0 45 0 78 85 0 66 0 75 0 26 37 68 50 18 0 88 10 0 53 55 0 
10 64 23 50 49 65 65 74 0 89 42 74 50 0 9 83 0 61 15 39 0 95 47 92 10 0 6 73 25 0 54 5 53 71 96 72 80 23 0 2 88 0 76 1 73 11 0 91 16 83 79 47 0 20 62 70 1 16 48 6 89 12 46 58 84 11 80 80 77 21 38 5 99 91 0 13 14 89 89 66 53 62 33 39 24 0 43 57 11 33 32 0 11 0 89 0 0 34 0 66 
37 90 36 12 78 71 37 84 0 6 0 35 41 0 36 14 44 86 62 45 95 0 32 77 8 57 36 10 19 90 0 93 53 15 92 19 88 0 67 85 37 22 75 16 23 67 42 0 76 56 63 12 81 13 55 68 98 8 63 17 12 69 83 10 10 38 38 32 66 57 1 62 2 86 83 38 23 74 74 59 0 7 68 34 77 13 60 11 21 55 33 65 18 46 31 46 96 36 0 93 
64 3 71 15 95 56 92 99 37 1 67 5 91 50 0 0 87 0 59 20 47 32 0 71 20 6 39 9 0 81 17 24 49 50 42 81 27 0 37 36 68 0 0 20 61 0 4 34 30 72 83 0 50 71 63 87 60 34 91 95 95 76 16 54 94 31 0 19 29 23 46 76 79 28 0 75 7 0 98 0 79 87 0 48 48 0 33 88 75 87 62 0 7 85 41 61 52 21 45 18 
37 8 99 31 19 26 54 0 66 59 3 7 19 0 50 99 68 23 10 82 92 77 71 0 27 1 75 0 84 36 59 0 62 96 33 28 31 0 69 0 95 28 97 85 38 72 72 34 43 7 48 0 31 0 46 48 36 0 36 99 84 40 0 92 0 75 28 50 79 19 96 52 21 0 0 59 0 55 25 66 0 9 12 0 0 46 74 9 0 56 0 24 80 0 39 7 11 51 81 33 
29 4 82 32 53 14 41 67 38 82 18 74 46 0 55 99 82 63 19 0 10 8 20 27 0 56 26 46 49 0 19 0 8 73 55 40 19 0 66 82 45 92 65 0 9 36 77 83 63 31 98 54 0 0 0 54 24 78 0 0 29 36 76 36 68 67 0 63 0 25 4 64 52 93 11 75 70 66 80 14 41 82 42 28 59 12 75 68 0 41 58 0 0 27 22 33 58 56 87 4 
78 63 58 0 55 49 0 97 74 78 0 47 85 8 28 25 37 93 0 62 0 57 6 1 56 0 71 59 90 0 93 15 25 72 0 0 16 0 18 9 33 93 55 56 15 33 0 27 38 0 20 11 47 6 28 62 26 0 5 9 28 61 61 96 24 8 81 68 11 68 96 48 26 48 14 2 0 40 19 85 55 3 72 0 28 77 28 57 89 76 0 47 8 13 79 50 0 30 74 20 
43 66 90 89 1 4 0 78 66 22 53 24 0 15 9 17 0 58 21 72 6 36 39 75 26 71 0 53 65 0 15 0 0 24 43 68 87 47 3 46 9 30 96 26 58 0 11 56 63 0 73 54 63 38 56 5 0 44 51 0 27 0 33 17 29 60 43 0 19 30 0 0 0 96 0 44 0 33 5 58 9 15 26 77 16 0 0 0 47 85 0 86 47 6 93 0 56 55 85 44 
65 79 64 91 87 92 41 13 0 96 0 6 0 18 72 99 35 81 93 38 73 10 9 0 46 59 53 0 45 0 83 58 32 75 0 60 32 76 52 81 24 0 46 56 85 43 1 99 83 85 48 86 49 91 77 93 0 69 60 83 80 0 31 14 82 53 6 92 93 60 43 86 30 2 42 9 50 0 4 77 34 97 0 98 66 56 43 24 43 88 0 66 42 0 0 28 72 0 95 3 
0 31 9 82 10 31 20 45 91 89 4 65 37 94 98 90 55 0 82 49 25 19 0 84 49 90 65 45 0 30 46 0 5 71 26 48 14 34 52 65 0 59 55 6 0 38 69 47 93 45 0 60 51 84 31 46 57 0 68 48 49 20 57 39 67 0 0 71 92 0 0 99 43 71 38 74 82 61 22 89 28 37 1 96 92 0 28 69 25 24 4 0 0 49 0 89 98 66 62 43 
67 0 73 30 36 60 81 83 3 84 71 22 16 99 0 3 72 30 2 0 0 90 81 36 0 0 0 0 30 0 0 5 36 46 40 4 0 45 0 0 83 19 0 71 0 91 75 0 79 36 0 43 8 0 0 0 79 41 7 50 25 73 45 27 0 70 91 0 0 14 99 11 0 33 63 30 43 40 31 89 80 53 68 0 52 0 0 10 26 68 93 0 6 58 87 89 74 28 29 93 
7 40 10 0 44 0 8 0 6 99 32 30 80 86 60 91 1 96 46 94 54 0 17 59 19 93 15 83 46 0 0 77 0 0 85 0 67 22 4 53 62 0 18 50 12 73 58 14 36 2 6 0 0 37 18 32 59 0 96 29 84 83 74 8 29 47 9 0 6 52 5 26 90 0 0 0 12 0 79 62 45 4 0 9 0 26 0 74 0 17 91 57 41 53 91 2 0 54 39 0 
62 11 29 30 53 61 14 50 1 75 12 97 5 61 35 41 39 5 0 7 5 93 24 0 0 15 0 58 0 5 77 0 0 38 57 67 73 5 11 57 35 13 98 0 84 73 70 13 4 57 77 1 23 3 21 26 0 82 70 9 69 13 32 84 84 14 17 15 9 27 65 92 0 77 19 37 23 96 65 0 0 95 48 56 11 93 2 13 38 90 52 87 47 32 81 47 0 0 0 61 
26 97 45 5 53 24 0 0 11 33 30 11 87 89 88 0 99 3 36 15 53 53 49 62 8 25 0 32 5 36 0 0 0 77 26 82 27 16 78 86 0 98 39 18 78 50 0 38 0 22 48 23 49 0 11 34 62 51 91 61 0 88 68 34 16 0 91 6 0 0 32 28 0 0 84 0 0 15 5 18 24 13 91 36 88 75 92 47 31 89 51 94 55 38 0 0 0 86 82 33 
4 83 85 72 60 41 48 57 49 0 29 79 8 99 45 0 84 52 20 43 71 15 50 96 73 72 24 75 71 46 0 38 77 0 0 6 76 3 47 60 62 0 0 67 0 74 2 50 45 14 0 0 56 89 0 14 43 17 61 0 6 91 0 53 75 69 0 1 25 83 21 26 27 0 86 95 66 51 0 11 54 38 49 74 33 15 37 0 28 83 66 81 14 23 92 92 77 27 0 94 
0 16 0 79 71 75 51 0 0 20 0 17 0 20 96 0 10 0 2 15 96 92 42 33 55 0 43 0 26 40 85 57 26 0 0 66 63 41 1 81 85 7 0 61 32 5 16 57 72 20 31 0 0 38 56 51 24 0 77 43 98 18 77 24 73 6 76 72 24 1 67 6 68 62 65 0 27 15 46 21 26 3 39 38 24 15 91 94 50 25 2 19 0 52 36 0 59 31 23 59 
84 0 75 35 8 90 57 50 51 54 16 12 18 94 50 96 57 98 60 0 72 19 81 28 40 0 68 60 48 4 0 67 82 6 66 0 90 83 59 0 99 80 4 96 70 43 0 55 0 31 31 0 90 32 0 97 19 57 28 32 65 89 1 0 0 81 29 25 46 0 0 0 32 37 41 42 9 62 37 15 0 33 90 2 0 26 27 0 74 0 30 59 0 0 52 63 36 22 42 82 
30 48 92 53 45 75 12 49 0 11 41 70 0 5 0 0 74 82 90 0 80 88 27 31 19 16 87 32 14 0 67 73 27 76 63 90 0 0 61 0 93 31 88 33 85 59 30 44 8 76 99 8 21 11 48 32 51 0 96 62 78 76 14 61 84 36 0 58 52 72 48 11 66 61 0 75 0 88 0 46 0 0 79 26 38 66 33 0 20 87 65 28 0 65 37 57 84 62 32 50 
55 43 82 50 11 11 6 35 48 51 17 10 95 86 13 26 25 0 59 46 23 0 0 0 0 0 47 76 34 45 22 5 16 3 41 83 0 0 0 68 23 0 98 2 9 0 66 60 75 67 10 32 82 47 97 44 83 80 87 0 0 22 23 0 26 33 28 15 9 93 82 45 0 67 97 20 92 35 90 18 99 52 76 14 65 0 65 0 0 77 0 85 68 89 29 61 64 38 0 46 
0 0 0 53 96 92 88 74 0 30 24 99 22 77 43 89 75 58 65 2 0 67 37 69 66 18 3 52 52 0 4 11 78 47 1 59 61 0 0 24 31 42 38 83 51 92 37 65 32 47 66 78 25 43 24 84 78 88 65 0 58 3 59 36 1 34 0 0 15 88 0 51 0 33 65 72 80 19 74 79 82 88 0 84 0 14 0 19 0 23 0 66 65 61 72 0 85 60 0 72 
25 0 20 44 8 70 68 27 31 19 31 68 61 11 44 8 32 10 34 93 2 85 36 0 82 9 46 81 65 0 53 57 86 60 81 0 0 68 24 0 98 13 32 0 25 12 64 0 10 39 30 0 2 99 84 0 59 0 0 0 27 25 57 94 90 0 76 45 59 10 84 39 40 5 0 30 68 0 1 14 72 62 54 64 0 39 41 43 0 13 15 51 44 78 72 97 0 86 69 99 
0 84 88 0 0 0 0 67 99 19 0 26 44 21 55 62 93 56 47 22 88 37 68 95 45 33 9 24 0 83 62 35 0 62 85 99 93 23 31 98 0 18 92 49 65 46 68 0 87 68 89 27 16 39 18 48 20 59 25 29 0 36 73 38 67 86 69 11 37 64 74 57 87 57 36 29 96 41 32 39 7 96 57 0 0 23 81 0 9 0 9 26 28 4 30 43 96 90 34 30 
61 64 52 5 0 0 48 30 0 64 89 0 82 17 84 35 32 2 74 63 0 22 0 28 92 93 30 0 59 19 0 13 98 0 7 80 31 0 42 13 18 0 13 27 89 0 71 90 97 62 8 0 50 88 99 84 97 67 86 0 21 56 12 0 65 0 80 77 0 35 0 42 23 39 64 55 0 94 21 78 85 9 55 63 0 55 94 78 0 0 0 0 1 0 0 64 62 57 24 0 
11 85 45 0 0 63 57 60 69 69 0 66 13 12 0 61 0 0 0 4 76 75 0 97 65 55 96 46 55 0 18 98 39 0 0 4 88 98 38 32 92 13 0 1 0 99 97 3 53 38 85 30 0 27 88 18 0 0 77 1 6 34 0 84 45 53 8 23 0 0 9 73 70 31 0 58 6 0 2 77 30 26 0 7 20 43 67 34 80 67 0 72 25 12 93 75 11 18 18 0 
0 80 56 0 48 0 18 19 0 13 0 85 10 15 54 2 64 11 0 57 1 16 20 85 0 56 26 56 6 71 50 0 18 67 61 96 33 2 83 0 49 27 1 0 8 90 0 0 49 0 60 53 77 66 0 40 0 0 68 0 0 13 0 60 32 10 79 0 88 0 93 97 19 51 82 41 9 29 45 43 69 18 31 10 25 35 62 8 65 18 35 79 0 74 16 60 90 0 7 0 
71 0 19 32 0 46 4 41 34 73 4 0 48 0 25 49 66 35 25 21 73 23 61 38 9 15 58 85 0 0 12 84 78 0 32 70 85 9 51 25 65 89 0 8 0 0 65 30 59 12 0 81 0 66 0 0 58 0 0 38 34 85 58 89 54 82 0 86 11 0 35 53 47 68 92 61 37 78 19 0 28 0 83 64 72 63 0 0 52 75 0 0 0 2 63 65 0 45 0 31 
59 57 43 23 37 72 11 95 7 0 89 13 0 52 16 21 50 67 72 0 11 67 0 72 36 33 0 43 38 91 73 73 50 74 5 43 59 0 92 12 46 0 99 90 0 0 54 63 0 1 74 38 20 38 0 89 83 41 5 68 31 16 74 16 48 0 68 95 88 17 77 0 71 65 0 96 69 81 0 57 91 0 38 98 84 99 4 76 42 14 0 38 0 0 92 65 90 7 67 73 
0 37 31 45 0 57 28 74 7 27 5 44 43 17 69 0 28 89 79 25 0 42 4 72 77 0 11 1 69 75 58 70 0 2 16 0 30 66 37 64 68 71 97 0 65 54 0 21 4 66 40 22 97 49 82 26 26 36 0 31 27 8 57 80 87 55 0 64 14 24 14 98 0 19 65 0 84 90 0 27 0 43 41 85 41 74 84 60 64 3 15 0 39 0 33 50 37 92 4 68 
32 91 41 14 91 92 46 34 39 39 11 51 68 65 0 37 47 0 57 29 91 0 34 34 83 27 56 99 47 0 14 13 38 50 57 55 44 60 65 0 0 90 3 0 30 63 21 0 0 29 4 70 91 0 76 13 8 53 22 53 48 39 90 48 4 0 74 29 0 41 35 74 86 68 0 92 0 77 51 0 81 0 55 67 81 78 0 98 0 35 0 40 98 31 56 0 34 0 88 56 
51 45 3 44 72 99 81 40 47 16 36 0 0 0 33 0 1 67 51 32 16 76 30 43 63 38 63 83 93 79 36 4 0 45 72 0 8 75 32 10 87 97 53 49 59 0 4 0 0 0 21 67 33 79 80 16 46 22 64 19 20 33 40 81 1 49 54 0 75 0 45 7 11 50 93 52 95 69 2 19 77 0 36 73 99 50 93 96 8 22 11 57 10 75 9 94 31 99 64 0 
0 0 32 37 86 44 3 20 30 19 9 97 26 5 81 6 0 97 63 62 83 56 72 7 31 0 0 85 45 36 2 57 22 14 20 31 76 67 47 39 68 62 38 0 12 1 66 29 0 0 28 39 36 0 91 54 65 97 12 18 67 1 96 0 25 43 51 63 0 0 43 47 98 41 62 44 81 52 0 18 60 94 20 71 75 15 52 55 87 0 56 33 19 70 92 87 15 0 0 3 
88 46 71 18 4 13 0 41 14 39 26 65 0 0 0 90 89 35 92 51 79 63 83 48 98 20 73 48 0 0 6 77 48 0 31 31 99 10 66 30 89 8 85 60 0 74 40 4 21 28 0 15 90 21 36 34 3 35 98 30 87 78 76 72 66 99 3 71 23 64 69 3 25 11 39 88 28 57 77 20 82 60 13 54 0 1 19 3 1 5 30 19 26 75 98 16 22 43 96 0 
55 98 0 0 0 85 71 15 54 71 0 8 99 69 20 83 5 17 40 34 47 12 0 0 54 11 54 86 60 43 0 1 23 0 0 0 8 32 78 0 27 0 30 53 81 38 22 70 67 39 15 0 80 41 1 31 74 57 58 31 48 58 33 60 44 44 73 73 80 28 63 27 85 80 38 98 10 29 37 19 0 25 45 23 0 0 23 33 68 64 71 18 0 70 44 42 6 70 0 0 
36 57 0 99 52 0 0 0 53 98 77 92 66 66 70 6 90 59 0 24 0 81 50 31 0 47 63 49 51 8 0 23 49 56 0 90 21 82 25 2 16 50 0 77 0 20 97 91 33 36 90 80 0 56 85 0 22 3 91 49 23 81 43 35 22 53 29 64 50 97 26 61 38 0 57 91 94 42 26 6 96 0 43 43 26 0 35 90 2 89 0 0 13 37 9 33 23 67 45 27 
96 23 25 30 0 23 89 90 0 51 0 49 0 47 45 74 84 72 0 97 20 13 71 0 0 6 38 91 84 0 37 3 0 89 38 32 11 47 43 99 39 88 27 66 66 38 49 0 79 0 21 41 56 0 84 92 40 98 0 30 52 80 0 39 87 72 93 0 0 0 16 63 0 44 54 27 39 75 27 54 89 93 81 7 78 0 50 68 38 18 13 25 32 0 94 55 80 70 0 0 
13 7 25 71 0 57 49 0 39 43 26 51 19 94 93 88 0 78 52 58 62 55 63 46 0 28 56 77 31 0 18 21 11 0 56 0 48 97 24 84 18 99 88 0 0 0 82 76 80 91 36 1 85 84 0 47 0 0 33 0 0 5 9 0 0 0 81 30 7 30 94 21 0 41 70 17 81 74 4 0 59 43 80 37 20 0 0 68 9 93 5 43 0 24 36 41 86 55 25 3 
84 74 70 6 13 63 94 77 0 90 75 34 44 61 13 4 84 43 0 18 70 68 87 48 54 62 5 93 46 0 32 26 34 14 51 97 32 44 84 0 48 84 18 40 0 89 26 13 16 54 34 31 0 92 47 0 0 18 60 31 0 27 46 72 0 65 0 82 18 0 4 91 0 65 2 7 63 0 76 81 87 0 24 92 81 11 86 0 48 0 77 7 81 62 0 79 41 73 77 0 
0 71 11 59 70 21 0 32 62 44 30 0 77 42 89 58 3 46 62 41 1 98 60 36 24 26 0 0 57 79 59 0 62 43 24 19 51 83 78 59 20 97 0 0 58 83 26 8 46 65 3 74 22 40 0 0 0 99 81 53 56 56 0 62 74 93 42 2 0 0 52 3 34 37 26 0 0 0 0 83 0 33 66 97 22 20 78 68 18 47 84 62 0 2 97 7 0 69 67 38 
86 15 0 98 0 32 39 78 38 7 24 52 72 94 92 0 13 52 69 87 16 8 34 0 78 0 44 69 0 41 0 82 51 17 0 57 0 80 88 0 59 67 0 0 0 41 36 53 22 97 35 57 3 98 0 18 99 0 90 85 82 98 6 2 99 38 1 0 11 84 45 80 70 0 22 77 79 0 18 75 0 64 2 85 51 40 21 0 43 0 0 2 96 66 94 27 84 17 27 41 
88 28 77 44 68 47 79 35 0 10 87 92 3 70 3 1 19 21 0 26 48 63 91 36 0 5 51 60 68 7 96 70 91 61 77 28 96 87 65 0 25 86 77 68 0 5 0 22 64 12 98 58 91 0 33 60 81 90 0 85 54 0 12 0 92 8 0 43 0 2 63 0 67 56 29 0 0 37 70 18 52 93 56 0 0 71 7 55 59 54 5 56 48 36 87 0 5 88 0 24 
49 40 76 72 41 0 55 92 0 25 83 55 84 17 16 0 59 67 38 0 6 17 95 99 0 9 0 83 48 50 29 9 61 0 43 32 62 0 0 0 29 0 1 0 38 68 31 53 19 18 30 31 49 30 0 31 53 85 85 0 0 68 45 0 47 29 94 40 53 0 31 54 55 99 51 11 70 31 79 62 2 10 73 63 77 64 38 0 96 6 72 25 0 65 13 63 91 96 86 0 
57 0 0 71 77 65 0 73 43 65 6 8 27 2 0 59 97 0 85 0 89 12 95 84 29 28 27 80 49 25 84 69 0 6 98 65 78 0 58 27 0 21 6 0 34 31 27 48 20 67 87 48 23 52 0 0 56 82 54 0 0 63 21 32 3 34 43 0 0 47 47 38 54 0 24 0 2 26 66 23 2 43 37 76 39 1 34 0 0 57 70 0 19 30 8 48 0 98 87 69 
34 42 22 68 95 98 42 0 12 42 44 63 0 69 71 12 0 79 0 0 12 69 76 40 36 61 0 0 20 73 83 13 88 91 18 89 76 22 3 25 36 56 34 13 85 16 8 39 33 1 78 58 81 80 5 27 56 98 0 68 63 0 26 82 17 99 55 3 42 71 53 86 30 77 84 0 0 30 55 53 41 89 0 25 91 2 58 74 92 58 38 68 4 15 46 98 75 86 78 0 
87 59 30 52 0 71 91 97 0 67 90 50 30 29 64 68 62 34 88 84 46 83 16 0 76 61 33 31 57 45 74 32 68 0 77 1 14 23 59 57 73 12 0 0 58 74 57 90 40 96 76 33 43 0 9 46 0 6 12 45 21 26 0 51 58 39 0 11 84 1 44 42 9 55 0 0 86 74 82 35 36 31 70 94 12 62 83 66 75 30 0 11 90 39 0 50 14 1 59 47 
55 42 93 37 10 62 46 21 35 48 0 93 7 81 0 77 21 63 0 99 58 10 54 92 36 96 17 14 39 27 8 84 34 53 24 0 61 0 36 94 38 0 84 60 89 16 80 48 81 0 72 60 35 39 0 72 62 2 0 0 32 82 51 0 62 73 77 0 46 13 54 76 72 24 70 7 56 29 72 37 2 22 38 15 85 19 0 55 0 30 53 38 7 32 8 59 4 90 59 68 
0 49 15 0 3 48 2 38 10 0 60 64 59 84 61 5 0 18 32 26 84 10 94 0 68 24 29 82 67 0 29 84 16 75 73 0 84 26 1 90 67 65 45 32 54 48 87 4 1 25 66 44 22 87 0 0 74 99 92 47 3 17 58 62 0 0 0 19 0 24 76 63 0 99 71 0 0 43 29 95 0 97 0 55 43 51 2 38 33 20 3 0 0 21 39 4 7 97 55 78 
41 61 88 87 8 73 0 0 66 0 40 0 66 85 55 16 27 75 0 83 11 38 31 75 67 8 60 53 0 70 47 14 0 69 6 81 36 33 34 0 86 0 53 10 82 0 55 0 49 43 99 44 53 72 0 65 93 38 8 29 34 99 39 73 0 0 0 50 37 15 82 0 41 0 59 86 93 5 86 80 27 20 0 80 49 79 22 48 2 0 60 63 55 23 28 48 0 54 54 40 
46 81 13 67 92 0 88 87 20 0 20 63 38 0 30 22 0 0 73 17 80 38 0 28 0 81 43 6 0 91 9 17 91 0 76 29 0 28 0 76 69 80 8 79 0 68 0 74 54 51 3 73 29 93 81 0 42 1 0 94 43 55 0 77 0 0 0 0 90 20 29 0 73 34 21 82 31 0 70 61 0 52 33 34 75 76 78 60 7 48 49 77 0 0 0 8 43 0 11 98 
55 12 61 94 44 0 66 92 23 63 9 65 96 77 0 51 95 92 46 12 80 32 19 50 63 68 0 92 71 0 0 15 6 1 72 25 58 15 0 45 11 77 23 0 86 95 64 29 0 63 71 73 64 0 30 82 2 0 43 40 0 3 11 0 19 50 0 0 59 97 54 28 64 52 67 65 7 52 46 58 93 44 24 84 14 39 42 24 15 18 10 0 10 77 56 22 3 29 29 63 
98 56 16 0 34 55 31 40 67 85 0 0 42 77 40 3 15 1 60 97 77 66 29 79 0 11 19 93 92 0 6 9 0 25 24 46 52 9 15 59 37 0 0 88 11 88 14 0 75 0 23 80 50 0 7 18 0 11 0 53 0 42 84 46 0 37 90 59 0 19 64 45 54 51 33 88 79 0 10 42 41 0 17 68 29 6 84 62 72 48 58 82 67 5 3 36 30 0 0 14 
97 19 96 91 0 52 88 33 28 9 0 29 7 0 70 64 0 0 19 0 21 57 23 19 25 68 30 60 0 14 52 27 0 83 1 0 72 93 88 10 64 35 0 0 0 17 24 41 0 0 64 28 97 0 30 0 0 84 2 0 47 71 1 13 24 15 20 97 19 0 83 55 40 0 0 72 3 64 97 44 43 43 72 0 9 36 35 71 76 24 26 9 8 36 72 0 40 26 68 49 
15 73 33 10 0 28 1 13 60 0 0 72 27 66 0 11 93 28 20 59 38 1 46 96 4 96 0 43 0 99 5 65 32 21 67 0 48 82 0 84 74 0 9 93 35 77 14 35 45 43 69 63 26 16 94 4 52 45 63 31 47 53 44 54 76 82 29 54 64 83 0 28 7 58 0 53 39 79 13 87 54 64 0 30 55 74 0 48 92 39 74 20 18 87 88 12 0 69 0 53 
54 43 24 13 13 28 45 57 22 7 71 42 44 37 75 84 74 88 13 0 5 62 76 52 64 48 0 86 99 11 26 92 28 26 6 0 11 45 51 39 57 42 73 97 53 0 98 74 7 47 3 27 61 63 21 91 3 80 0 54 38 86 42 76 63 0 0 28 45 55 28 0 0 32 0 97 38 4 86 38 0 0 0 6 79 94 33 3 69 48 87 25 0 3 38 70 0 54 12 45 
0 46 58 45 45 20 99 87 69 93 26 13 98 42 15 47 22 20 73 66 99 2 79 21 52 26 0 30 43 0 90 0 0 27 68 32 66 0 0 40 87 23 70 19 47 71 0 86 11 98 25 85 38 0 0 0 34 70 67 55 54 30 9 72 0 41 73 64 54 40 7 0 0 0 7 82 11 57 54 37 49 88 84 80 39 62 62 78 9 9 17 10 24 0 91 45 91 0 97 75 
65 0 37 81 44 18 65 70 0 0 57 68 47 4 97 62 0 1 81 71 91 86 28 0 93 48 96 2 71 33 0 77 0 0 62 37 61 67 33 5 57 39 31 51 68 65 19 68 50 41 11 80 0 44 41 65 37 0 56 99 0 77 55 24 99 0 34 52 51 0 58 32 0 0 98 29 75 71 14 52 22 85 2 40 62 44 44 3 10 19 0 19 65 70 26 82 68 0 0 24 
49 25 61 2 53 2 23 83 29 73 68 47 0 10 52 86 43 4 90 85 0 83 0 0 11 14 0 42 38 63 0 19 84 86 65 41 0 97 65 0 36 64 0 82 92 0 65 0 93 62 39 38 57 54 70 2 26 22 29 51 24 84 0 70 71 59 21 67 33 0 0 0 7 98 0 76 58 60 86 40 44 28 51 75 0 65 28 32 45 21 10 84 9 0 67 90 41 12 91 47 
5 35 55 96 98 0 86 74 67 0 85 84 55 2 38 33 86 20 12 19 13 38 75 59 75 2 44 9 74 30 0 37 0 95 0 42 75 20 72 30 29 55 58 41 61 96 0 92 52 44 88 98 91 27 17 7 0 77 0 11 0 0 0 7 0 86 82 65 88 72 53 97 82 29 76 0 63 69 31 0 16 18 54 83 77 50 78 92 0 12 98 51 0 74 0 22 14 65 84 36 
0 76 25 39 43 60 88 30 0 43 45 49 57 99 91 0 68 25 56 50 14 23 7 0 70 0 0 50 82 43 12 23 0 66 27 9 0 92 80 68 96 0 6 9 37 69 84 0 95 81 28 10 94 39 81 63 0 79 0 70 2 0 86 56 0 93 31 7 79 3 39 38 11 75 58 63 0 0 24 6 45 82 73 34 66 29 0 0 36 69 57 30 60 33 86 34 0 63 74 36 
31 69 8 9 70 71 96 87 73 64 51 45 0 16 13 48 67 0 87 93 89 74 0 55 66 40 33 0 61 40 0 96 15 51 15 62 88 35 19 0 41 94 0 29 78 81 90 77 69 52 57 29 42 75 74 0 0 0 37 31 26 30 74 29 43 5 0 52 0 64 79 4 57 71 60 69 0 0 10 49 0 20 43 2 65 0 53 47 35 85 29 52 17 6 38 74 71 77 0 12 
18 32 53 98 29 46 0 66 99 40 80 35 47 85 98 63 8 38 50 0 89 74 98 25 80 19 5 4 22 31 79 65 5 0 46 37 0 90 74 1 32 21 2 45 19 0 0 51 2 0 77 37 26 27 4 76 0 18 70 79 66 55 82 72 29 86 70 46 10 97 13 86 54 14 86 31 24 10 0 80 58 0 56 8 34 48 75 17 0 48 0 0 94 0 26 7 18 54 31 95 
42 72 12 26 11 47 53 76 22 68 15 74 0 24 86 96 99 70 64 45 66 59 0 66 14 85 58 77 89 89 62 0 18 11 21 15 46 18 79 14 39 78 77 43 0 57 27 0 19 18 20 19 6 54 0 81 83 75 18 62 23 53 35 37 95 80 61 58 42 44 87 38 37 52 40 0 6 49 80 0 66 84 0 67 75 8 27 26 27 77 76 0 0 10 88 0 33 63 42 84 
0 31 12 0 35 3 73 50 29 58 0 83 67 7 0 64 0 99 47 0 53 0 79 0 41 55 9 34 28 80 45 0 24 54 26 0 0 99 82 72 7 85 30 69 28 91 0 81 77 60 82 0 96 89 59 87 0 0 52 2 2 41 36 2 0 27 0 93 41 43 54 0 49 22 44 16 45 0 58 66 0 11 31 62 0 23 58 17 71 12 83 91 67 37 28 32 75 24 0 39 
18 63 29 68 0 0 0 29 0 0 55 47 0 38 51 97 47 70 99 78 62 7 87 9 82 3 15 97 37 53 4 95 13 38 3 33 0 52 88 62 96 9 26 18 0 0 43 0 0 94 60 25 0 93 43 0 33 64 93 10 43 89 31 22 97 20 52 44 0 43 64 0 88 85 28 18 82 20 0 84 11 0 63 0 18 68 73 69 9 0 53 31 0 29 0 57 57 96 34 0 
62 3 21 21 43 70 84 79 51 88 0 29 15 95 24 47 89 5 0 85 33 68 0 12 42 72 26 0 1 68 0 48 91 49 39 90 79 76 0 54 57 55 0 31 83 38 41 55 36 20 13 45 43 81 80 24 66 2 56 73 37 0 70 38 0 0 33 24 17 72 0 0 84 2 51 54 73 43 56 0 31 63 0 6 0 24 29 89 65 33 55 0 65 0 46 34 0 51 15 38 
53 0 32 55 47 13 6 50 51 0 43 53 8 55 66 94 90 2 38 0 39 34 48 0 28 0 77 98 96 0 9 56 36 74 38 2 26 14 84 64 0 63 7 10 64 98 85 67 73 71 54 23 43 7 37 92 97 85 0 63 76 25 94 15 55 80 34 84 68 0 30 6 80 40 75 83 34 2 8 67 62 0 6 0 20 0 8 72 65 91 6 5 0 0 91 99 7 0 68 81 
47 32 0 5 0 77 89 54 32 67 90 0 34 0 42 1 17 69 69 66 24 77 48 0 59 28 16 66 92 52 0 11 88 33 24 0 38 65 0 0 0 0 20 25 72 84 41 81 99 75 0 0 26 78 20 81 22 51 0 77 39 91 12 85 43 49 75 14 29 9 55 79 39 62 0 77 66 65 34 75 0 18 0 20 0 56 14 55 0 0 0 0 0 21 0 0 0 72 90 66 
73 60 27 58 0 22 85 78 74 64 0 18 0 0 51 59 23 6 56 0 0 13 0 46 12 77 0 56 0 0 26 93 75 15 15 26 66 0 14 39 23 55 43 35 63 99 74 78 50 15 1 0 0 0 0 11 20 40 71 64 1 2 62 19 51 79 76 39 6 36 74 94 62 44 65 50 29 0 48 8 23 68 24 0 56 0 50 89 18 66 56 96 54 83 0 14 37 40 61 7 
51 55 0 15 55 0 16 30 87 3 53 21 50 54 13 0 44 80 42 75 43 60 33 74 75 28 0 43 28 0 0 2 92 37 91 27 33 65 0 41 81 94 67 62 0 4 84 0 93 52 19 23 35 50 0 86 78 21 7 38 34 58 83 0 2 22 78 42 84 35 0 33 62 44 28 78 0 53 75 27 58 73 29 8 14 50 0 94 3 76 0 0 14 7 96 37 0 79 51 3 
95 0 13 62 56 12 49 0 54 95 66 52 88 86 49 0 71 38 39 0 57 11 88 9 68 57 0 24 69 10 74 13 47 0 94 0 0 0 19 43 0 78 34 8 0 76 60 98 96 55 3 33 90 68 68 0 68 0 55 0 0 74 66 55 38 48 60 24 62 71 48 3 78 3 32 92 0 47 17 26 17 69 89 72 55 89 94 0 16 38 51 91 72 16 62 88 98 75 12 35 
0 2 92 51 40 53 0 0 41 32 24 42 0 14 58 67 9 30 56 26 11 21 75 0 0 89 47 43 25 26 0 38 31 28 50 74 20 0 0 0 9 0 80 65 52 42 64 0 8 87 1 68 2 38 9 48 18 43 59 96 0 92 75 0 33 2 7 15 72 76 92 69 9 10 45 0 36 35 0 27 71 9 65 65 0 18 3 16 0 96 20 0 3 7 88 13 67 81 0 28 
40 38 15 70 52 58 67 0 40 68 50 14 0 32 15 31 80 0 57 37 33 55 87 56 41 76 85 88 24 68 17 90 89 83 25 0 87 77 23 13 0 0 67 18 75 14 3 35 22 0 5 64 89 18 93 0 47 0 54 6 57 58 30 30 20 0 48 18 48 24 39 48 9 19 21 12 69 85 48 77 12 0 33 91 0 66 76 38 96 0 29 33 1 51 83 69 45 44 89 21 
98 13 10 83 12 35 66 72 86 0 24 0 99 19 64 45 4 67 9 68 32 33 62 0 58 0 0 0 4 93 91 52 51 66 2 30 65 0 0 15 9 0 0 35 0 0 15 0 11 56 30 71 0 13 5 77 84 0 5 72 70 38 0 53 3 60 49 10 58 26 74 87 17 0 10 98 57 29 0 76 83 53 55 6 0 56 0 51 20 29 0 4 22 36 80 60 0 65 33 85 
69 30 77 35 0 0 0 26 89 84 67 90 87 0 63 0 88 54 0 50 0 65 0 24 0 47 86 66 0 0 57 87 94 81 19 59 28 85 66 51 26 0 72 79 0 38 0 40 57 33 19 18 0 25 43 7 62 2 56 25 0 68 11 38 0 63 77 0 82 9 20 25 10 19 84 51 30 52 0 0 91 31 0 5 0 96 0 91 0 33 4 0 4 11 67 38 21 17 0 88 
99 53 99 74 89 12 26 54 53 56 0 67 0 53 60 0 19 19 10 18 11 18 7 80 0 8 47 42 0 6 41 47 55 14 0 0 0 68 65 44 28 1 25 0 0 0 39 98 10 19 26 0 13 32 0 81 0 96 48 0 19 4 90 7 0 55 0 10 67 8 18 0 24 65 9 0 60 17 94 0 67 0 65 0 0 54 14 72 3 1 22 4 0 41 44 86 5 79 22 18 
98 0 49 43 87 56 83 88 39 51 7 36 72 71 73 0 3 22 49 0 0 46 85 0 27 13 6 0 49 58 53 32 38 23 52 0 65 89 61 78 4 0 12 74 2 0 0 31 75 70 75 70 37 0 24 62 2 66 36 65 30 15 39 32 21 23 0 77 5 36 87 3 0 70 0 74 33 6 0 10 37 29 0 0 21 83 7 16 7 51 36 11 41 0 39 68 30 0 73 0 
68 0 84 81 59 24 29 0 28 70 97 43 9 1 61 33 54 29 85 88 89 31 41 39 22 79 93 0 0 87 91 81 0 92 36 52 37 29 72 72 30 0 93 16 63 92 33 56 9 92 98 44 9 94 36 0 97 94 87 13 8 46 0 8 39 28 0 56 3 72 88 38 91 26 67 0 86 38 26 88 28 0 46 91 0 0 96 62 88 83 80 67 44 39 0 24 34 25 39 0 
56 52 33 88 89 42 87 50 32 66 95 80 48 68 0 52 0 84 0 10 0 46 61 7 33 50 0 28 89 89 2 47 0 92 0 63 57 61 0 97 43 64 75 60 65 65 50 0 94 87 16 42 33 55 41 79 7 27 0 63 48 98 50 59 4 48 8 22 36 0 12 70 45 82 90 22 34 74 7 0 32 57 34 99 0 14 37 88 13 69 60 38 86 68 24 0 36 38 0 47 
24 48 31 0 8 41 86 51 0 72 15 0 17 82 32 8 35 55 0 0 0 96 52 11 58 0 56 72 98 74 0 0 0 77 59 36 84 64 85 0 96 62 11 90 0 90 37 34 31 15 22 6 23 80 86 41 0 84 5 91 0 75 14 4 7 0 43 3 30 40 0 0 91 68 41 14 0 71 18 33 75 57 0 7 0 37 0 98 67 45 0 21 5 30 34 36 0 9 23 30 
0 79 55 9 0 27 81 73 42 39 15 57 75 51 0 20 17 1 38 53 34 36 21 51 56 30 55 0 66 28 54 0 86 27 31 22 62 38 60 86 90 57 18 0 45 7 92 0 99 0 43 70 67 70 55 73 69 17 88 96 98 86 1 90 97 54 0 29 0 26 69 54 0 0 12 65 63 77 54 63 24 96 51 0 72 40 79 75 81 44 65 17 79 0 25 38 9 0 84 0 
28 53 55 13 0 0 54 15 68 1 0 0 89 98 34 70 27 24 26 55 0 0 45 81 87 74 85 95 62 29 39 0 82 0 23 42 32 0 0 69 34 24 18 7 0 67 4 88 64 0 96 0 45 0 25 77 67 27 0 86 87 78 59 59 55 54 11 29 0 68 0 12 97 0 91 84 74 0 31 42 0 34 15 68 90 61 51 12 0 89 33 0 22 73 39 0 23 84 0 53 
42 21 58 96 0 69 3 20 10 55 26 12 49 81 53 0 79 96 42 0 66 93 18 33 4 20 44 3 43 93 0 61 33 94 59 82 50 46 72 99 30 0 0 0 31 73 68 56 0 3 0 0 27 0 3 0 38 41 24 0 69 0 47 68 78 40 98 63 14 49 53 45 75 24 47 36 36 12 95 84 39 0 38 81 66 7 3 35 28 21 85 88 18 0 0 47 30 0 53 0 
